1.394678497314453125e+01 1.671696533203125000e+03
2.015088653564453125e+01 1.676338012695312500e+03
2.256224822998046875e+01 5.052721557617187500e+02
2.686805915832519531e+01 5.048190002441406250e+02
2.733153915405273438e+01 5.004013366699218750e+02
3.696937561035156250e+01 1.552432861328125000e+03
3.879958343505859375e+01 1.542735229492187500e+03
4.382165908813476562e+01 1.684561401367187500e+03
4.382165908813476562e+01 1.684561401367187500e+03
4.434881591796875000e+01 1.531220092773437500e+03
4.506012725830078125e+01 1.558052856445312500e+03
7.349181365966796875e+01 1.731533203125000000e+03
1.822000579833984375e+02 1.911272338867187500e+03
1.822000579833984375e+02 1.911272338867187500e+03
2.343435211181640625e+02 1.838406616210937500e+03
3.489090881347656250e+02 2.114614746093750000e+03
3.714299621582031250e+02 2.124734130859375000e+03
4.030241088867187500e+02 3.190254821777343750e+02
4.086236877441406250e+02 3.203874206542968750e+02
4.350181579589843750e+02 2.152998779296875000e+03
4.416071166992187500e+02 2.020835205078125000e+03
4.543535461425781250e+02 1.739690795898437500e+03
4.588542480468750000e+02 1.806355468750000000e+03
4.634754028320312500e+02 1.808396240234375000e+03
4.695953063964843750e+02 1.809222656250000000e+03
4.724985046386718750e+02 1.745428588867187500e+03
4.734990539550781250e+02 1.661685180664062500e+03
4.752912292480468750e+02 1.805386108398437500e+03
4.762702026367187500e+02 1.816820800781250000e+03
4.762702026367187500e+02 1.816820800781250000e+03
4.839694824218750000e+02 1.649007080078125000e+03
4.856864318847656250e+02 1.678312377929687500e+03
4.888815917968750000e+02 1.764901977539062500e+03
4.891622009277343750e+02 1.653967651367187500e+03
4.894567565917968750e+02 1.653081909179687500e+03
4.906718139648437500e+02 1.633363037109375000e+03
4.917619628906250000e+02 1.639891601562500000e+03
4.954328613281250000e+02 1.783303955078125000e+03
4.960090026855468750e+02 1.633901489257812500e+03
4.972241516113281250e+02 1.799591430664062500e+03
4.991141052246093750e+02 1.656176757812500000e+03
4.992829589843750000e+02 1.678222656250000000e+03
5.023461608886718750e+02 1.746184326171875000e+03
5.031603088378906250e+02 1.686905639648437500e+03
5.045903320312500000e+02 1.680611083984375000e+03
5.085559997558593750e+02 1.633541381835937500e+03
5.097844848632812500e+02 1.778260498046875000e+03
5.098489379882812500e+02 1.689990600585937500e+03
5.120330200195312500e+02 1.628986083984375000e+03
5.128275146484375000e+02 1.618234130859375000e+03
5.151288452148437500e+02 1.654400756835937500e+03
5.156889038085937500e+02 1.668017456054687500e+03
5.169815063476562500e+02 1.697420776367187500e+03
5.199011840820312500e+02 1.671895751953125000e+03
5.211144409179687500e+02 1.698196411132812500e+03
5.220706787109375000e+02 1.701997436523437500e+03
5.241255493164062500e+02 1.790950683593750000e+03
5.249817504882812500e+02 1.797641357421875000e+03
5.286112060546875000e+02 1.657358886718750000e+03
5.331564941406250000e+02 1.794677856445312500e+03
5.331564941406250000e+02 1.794677856445312500e+03
5.399254760742187500e+02 1.706576171875000000e+03
5.416364746093750000e+02 1.793495117187500000e+03
5.427031860351562500e+02 2.051402343750000000e+03
5.427031860351562500e+02 2.051402343750000000e+03
5.449325561523437500e+02 1.714255371093750000e+03
5.635833740234375000e+02 1.702937744140625000e+03
5.743267211914062500e+02 2.047901733398437500e+03
5.782175292968750000e+02 2.129008483886718750e+02
5.819879760742187500e+02 1.766098388671875000e+03
5.860404663085937500e+02 1.869706909179687500e+03
5.869229736328125000e+02 2.094588378906250000e+03
5.873334960937500000e+02 1.619114379882812500e+03
5.956164550781250000e+02 1.923845458984375000e+03
5.972003784179687500e+02 1.912374267578125000e+03
6.001104125976562500e+02 1.815573974609375000e+03
6.031596069335937500e+02 1.851256866455078125e+02
6.040843505859375000e+02 1.499534057617187500e+03
6.052163696289062500e+02 1.733929443359375000e+03
6.052163696289062500e+02 1.733929443359375000e+03
6.066049194335937500e+02 1.734981201171875000e+03
6.071079101562500000e+02 1.641347534179687500e+03
6.211719360351562500e+02 1.749902221679687500e+03
6.222604980468750000e+02 1.744903442382812500e+03
6.280101928710937500e+02 1.727480346679687500e+03
6.296500244140625000e+02 1.452264038085937500e+03
6.300178833007812500e+02 1.734754882812500000e+03
6.330966796875000000e+02 1.930910644531250000e+03
6.345931396484375000e+02 1.534632446289062500e+03
6.351645507812500000e+02 1.916412475585937500e+03
6.370017089843750000e+02 1.725576660156250000e+03
6.437722167968750000e+02 1.591393127441406250e+02
6.460376586914062500e+02 1.797570678710937500e+03
6.485150756835937500e+02 2.056761718750000000e+03
6.549705810546875000e+02 1.527968902587890625e+02
6.574081420898437500e+02 1.553007568359375000e+03
6.594559326171875000e+02 1.783315673828125000e+03
6.601226806640625000e+02 1.561157379150390625e+02
6.672318115234375000e+02 1.524126281738281250e+02
6.705316772460937500e+02 1.444454345703125000e+02
6.714683227539062500e+02 2.000395629882812500e+03
6.796276245117187500e+02 1.910702758789062500e+03
6.859218750000000000e+02 1.824253173828125000e+03
6.859218750000000000e+02 1.824253173828125000e+03
6.916072998046875000e+02 1.616236206054687500e+03
6.931306762695312500e+02 1.667008544921875000e+03
7.056585693359375000e+02 1.978652832031250000e+03
7.056585693359375000e+02 1.978652832031250000e+03
7.080662841796875000e+02 1.823503173828125000e+03
7.083265380859375000e+02 1.639977416992187500e+03
7.100044555664062500e+02 1.235090942382812500e+02
7.334214477539062500e+02 1.151594924926757812e+02
7.334214477539062500e+02 1.151594924926757812e+02
7.334792480468750000e+02 1.849405029296875000e+03
7.345290527343750000e+02 1.188695449829101562e+02
7.436434936523437500e+02 1.130058898925781250e+02
7.480135498046875000e+02 8.073211059570312500e+02
7.486163940429687500e+02 1.884645019531250000e+03
7.557457885742187500e+02 1.108686676025390625e+02
7.575176391601562500e+02 1.160374298095703125e+02
7.588851318359375000e+02 1.044390487670898438e+02
7.600520019531250000e+02 1.983405517578125000e+03
7.698018798828125000e+02 1.954555908203125000e+03
7.865098266601562500e+02 1.479874145507812500e+03
7.895293579101562500e+02 1.956459960937500000e+03
7.895293579101562500e+02 1.956459960937500000e+03
7.913395385742187500e+02 1.412631103515625000e+03
7.919242553710937500e+02 2.093944824218750000e+03
7.960235595703125000e+02 1.949670776367187500e+03
7.979524536132812500e+02 1.453040039062500000e+03
8.045379638671875000e+02 1.974922119140625000e+03
8.055835571289062500e+02 1.440460937500000000e+03
8.111431274414062500e+02 1.449957519531250000e+03
8.170139160156250000e+02 1.423874755859375000e+03
8.175963745117187500e+02 1.399458007812500000e+03
8.208251342773437500e+02 1.406454467773437500e+03
8.228948364257812500e+02 1.455915649414062500e+03
8.244572753906250000e+02 1.527986328125000000e+03
8.255274047851562500e+02 1.396074951171875000e+03
8.256554565429687500e+02 1.423237304687500000e+03
8.259148559570312500e+02 1.986663330078125000e+03
8.279872436523437500e+02 1.902854003906250000e+03
8.356352539062500000e+02 1.926864746093750000e+03
8.375737304687500000e+02 1.933647094726562500e+03
8.390568237304687500e+02 1.449387329101562500e+03
8.390568237304687500e+02 1.449387329101562500e+03
8.407164306640625000e+02 1.469999755859375000e+03
8.420031127929687500e+02 1.923647827148437500e+03
8.430607910156250000e+02 1.897142333984375000e+03
8.447576904296875000e+02 1.444173950195312500e+03
8.505663452148437500e+02 1.923785644531250000e+03
8.551605224609375000e+02 1.959564331054687500e+03
8.629971923828125000e+02 1.939272705078125000e+03
8.667489013671875000e+02 1.520212524414062500e+03
8.715631103515625000e+02 1.952739990234375000e+03
8.776450805664062500e+02 1.948887939453125000e+03
8.815242919921875000e+02 1.986278564453125000e+03
8.828668823242187500e+02 1.719118041992187500e+03
8.879953002929687500e+02 1.637474121093750000e+03
8.959563598632812500e+02 1.678891723632812500e+03
9.055745239257812500e+02 1.852970825195312500e+03
9.226955566406250000e+02 1.755751953125000000e+03
9.257451782226562500e+02 1.678628051757812500e+03
9.345150756835937500e+02 1.280293090820312500e+03
9.345150756835937500e+02 1.280293090820312500e+03
9.373694458007812500e+02 1.617640991210937500e+03
9.406663818359375000e+02 1.568168457031250000e+03
9.426077270507812500e+02 1.337436767578125000e+03
9.581789550781250000e+02 1.357757080078125000e+03
9.619330444335937500e+02 1.769430541992187500e+03
9.636641235351562500e+02 1.641898559570312500e+03
9.646110229492187500e+02 1.705710571289062500e+03
9.681314086914062500e+02 2.022883422851562500e+03
9.825621337890625000e+02 1.948770629882812500e+03
9.846345825195312500e+02 2.159646240234375000e+03
9.859631958007812500e+02 1.959586181640625000e+03
9.904668579101562500e+02 1.958957519531250000e+03
9.922221069335937500e+02 1.968695922851562500e+03
9.968972167968750000e+02 1.235506591796875000e+03
1.004840881347656250e+03 1.345406616210937500e+03
1.004844482421875000e+03 1.679735473632812500e+03
1.009490844726562500e+03 1.804967285156250000e+03
1.024413208007812500e+03 1.595587402343750000e+03
1.027783569335937500e+03 1.691744628906250000e+03
1.028914184570312500e+03 2.112946777343750000e+03
1.040210205078125000e+03 1.664582641601562500e+03
1.049633544921875000e+03 1.517527709960937500e+03
1.056690673828125000e+03 1.860621337890625000e+03
1.073580566406250000e+03 1.750938964843750000e+03
1.075675170898437500e+03 1.838064819335937500e+03
1.077943603515625000e+03 1.763788940429687500e+03
1.087677978515625000e+03 1.842522094726562500e+03
1.089068725585937500e+03 2.235926025390625000e+03
1.094552368164062500e+03 1.439226318359375000e+03
1.129530273437500000e+03 1.410866455078125000e+03
1.148901000976562500e+03 1.960797973632812500e+03
1.154910400390625000e+03 2.047744140625000000e+03
1.160615356445312500e+03 1.811292114257812500e+03
1.170156494140625000e+03 1.784847290039062500e+03
1.204468750000000000e+03 1.548098144531250000e+03
1.207450927734375000e+03 2.193939697265625000e+03
1.208127807617187500e+03 1.704661499023437500e+03
1.208270141601562500e+03 1.549434326171875000e+03
1.210727416992187500e+03 1.750249755859375000e+03
1.222143310546875000e+03 1.392932861328125000e+03
1.239988769531250000e+03 1.559582275390625000e+03
1.245417236328125000e+03 9.231697998046875000e+02
1.247767089843750000e+03 9.649073486328125000e+02
1.250623046875000000e+03 1.608447509765625000e+03
1.255132324218750000e+03 9.839874877929687500e+02
1.259233398437500000e+03 1.935390747070312500e+03
1.259233398437500000e+03 1.935390747070312500e+03
1.261596191406250000e+03 9.715512084960937500e+02
1.262222167968750000e+03 1.339020751953125000e+03
1.269830444335937500e+03 9.626273803710937500e+02
1.272461181640625000e+03 1.523510498046875000e+03
1.275888061523437500e+03 1.789929687500000000e+03
1.276859252929687500e+03 9.714824218750000000e+02
1.280162597656250000e+03 1.194559692382812500e+03
1.280188598632812500e+03 9.221130371093750000e+02
1.281212280273437500e+03 2.015929931640625000e+03
1.281508911132812500e+03 1.924985107421875000e+03
1.282450683593750000e+03 1.180449951171875000e+03
1.284682983398437500e+03 9.620411376953125000e+02
1.285576904296875000e+03 1.198430053710937500e+03
1.286068115234375000e+03 1.171035644531250000e+03
1.290276977539062500e+03 9.218382568359375000e+02
1.290787963867187500e+03 9.265870971679687500e+02
1.290787963867187500e+03 9.265870971679687500e+02
1.292814941406250000e+03 2.203124511718750000e+03
1.294961059570312500e+03 9.534592285156250000e+02
1.300562744140625000e+03 1.189744384765625000e+03
1.300807495117187500e+03 9.296054077148437500e+02
1.303463256835937500e+03 9.203889160156250000e+02
1.303570434570312500e+03 9.521314086914062500e+02
1.305032592773437500e+03 9.288523559570312500e+02
1.305032592773437500e+03 9.288523559570312500e+02
1.310120849609375000e+03 6.700196533203125000e+02
1.310356079101562500e+03 1.242135864257812500e+03
1.317936401367187500e+03 1.195268676757812500e+03
1.318863281250000000e+03 1.313074584960937500e+03
1.320019165039062500e+03 2.141794433593750000e+03
1.323123657226562500e+03 1.703182495117187500e+03
1.324316284179687500e+03 1.320982421875000000e+03
1.327968994140625000e+03 1.329284423828125000e+03
1.328286499023437500e+03 1.095419799804687500e+03
1.328490234375000000e+03 1.199984619140625000e+03
1.330118530273437500e+03 1.385587036132812500e+03
1.334815917968750000e+03 1.755741943359375000e+03
1.336375366210937500e+03 1.193892578125000000e+03
1.338858642578125000e+03 1.509379638671875000e+03
1.341617065429687500e+03 1.088538696289062500e+03
1.342890869140625000e+03 1.383547973632812500e+03
1.342913818359375000e+03 1.520437866210937500e+03
1.342913818359375000e+03 1.520437866210937500e+03
1.346933105468750000e+03 2.209489257812500000e+03
1.347949340820312500e+03 2.086612304687500000e+03
1.348672973632812500e+03 9.657412109375000000e+02
1.353721191406250000e+03 9.865842895507812500e+02
1.357894775390625000e+03 9.161831665039062500e+02
1.359151367187500000e+03 1.324970947265625000e+03
1.361551635742187500e+03 1.539431640625000000e+03
1.369382446289062500e+03 1.476244384765625000e+03
1.372025146484375000e+03 9.192932739257812500e+02
1.378986206054687500e+03 1.835929687500000000e+03
1.393580688476562500e+03 9.220258178710937500e+02
1.394526245117187500e+03 9.906088867187500000e+02
1.399649780273437500e+03 1.126811401367187500e+03
1.400303344726562500e+03 1.985301879882812500e+03
1.406980468750000000e+03 1.324894409179687500e+03
1.406980468750000000e+03 1.324894409179687500e+03
1.408419555664062500e+03 8.598880004882812500e+02
1.408447387695312500e+03 9.394549560546875000e+02
1.411144531250000000e+03 6.513654785156250000e+02
1.411997070312500000e+03 8.549996337890625000e+02
1.417924804687500000e+03 1.570045776367187500e+03
1.418813842773437500e+03 1.496840820312500000e+03
1.421402954101562500e+03 1.560552856445312500e+03
1.423780639648437500e+03 8.596976928710937500e+02
1.425014282226562500e+03 1.555406250000000000e+03
1.425014282226562500e+03 1.555406250000000000e+03
1.431059814453125000e+03 7.466181030273437500e+02
1.431526611328125000e+03 1.455458496093750000e+03
1.435577880859375000e+03 7.468422851562500000e+02
1.435852294921875000e+03 1.588562255859375000e+03
1.441340576171875000e+03 7.134097290039062500e+02
1.442590332031250000e+03 9.714433593750000000e+02
1.444404785156250000e+03 1.108558715820312500e+03
1.447495849609375000e+03 1.475641113281250000e+03
1.447779296875000000e+03 8.708688354492187500e+02
1.451826416015625000e+03 7.140221557617187500e+02
1.451826416015625000e+03 7.140221557617187500e+02
1.451909179687500000e+03 1.371600463867187500e+03
1.463287353515625000e+03 1.505405151367187500e+03
1.464030029296875000e+03 7.132836303710937500e+02
1.464993774414062500e+03 1.513024169921875000e+03
1.469840454101562500e+03 1.518874877929687500e+03
1.470557006835937500e+03 1.931587890625000000e+03
1.471298217773437500e+03 1.849395141601562500e+03
1.472305664062500000e+03 1.562193969726562500e+03
1.475405395507812500e+03 7.267901611328125000e+02
1.475967407226562500e+03 1.662229125976562500e+03
1.477327880859375000e+03 8.403774414062500000e+02
1.478025390625000000e+03 7.555179443359375000e+02
1.479888549804687500e+03 1.169290405273437500e+03
1.482903686523437500e+03 1.579436157226562500e+03
1.490418212890625000e+03 7.780735473632812500e+02
1.490418212890625000e+03 7.780735473632812500e+02
1.491913085937500000e+03 1.938097900390625000e+03
1.496676391601562500e+03 7.618703002929687500e+02
1.508568237304687500e+03 7.701124877929687500e+02
1.511768066406250000e+03 7.481353149414062500e+02
1.514851562500000000e+03 7.550156860351562500e+02
1.515376098632812500e+03 2.021658081054687500e+03
1.518579223632812500e+03 7.611586303710937500e+02
1.518936279296875000e+03 7.336746215820312500e+02
1.520248046875000000e+03 1.873651733398437500e+03
1.527480102539062500e+03 1.155676269531250000e+03
1.528977050781250000e+03 6.512782592773437500e+02
1.542262329101562500e+03 1.190319702148437500e+03
1.542262329101562500e+03 1.190319702148437500e+03
1.544408813476562500e+03 1.206027343750000000e+03
1.544661865234375000e+03 1.950132568359375000e+03
1.545439208984375000e+03 6.983208007812500000e+02
1.545439208984375000e+03 6.983208007812500000e+02
1.549035888671875000e+03 9.389634399414062500e+02
1.551172973632812500e+03 1.218447875976562500e+03
1.551449829101562500e+03 6.652203979492187500e+02
1.553602050781250000e+03 9.440893554687500000e+02
1.556628173828125000e+03 1.694644531250000000e+03
1.558711425781250000e+03 1.836628173828125000e+03
1.563939697265625000e+03 1.926104980468750000e+03
1.565360595703125000e+03 9.787982788085937500e+02
1.571484497070312500e+03 1.162611083984375000e+03
1.572667602539062500e+03 1.260819824218750000e+03
1.572804199218750000e+03 2.036094116210937500e+03
1.576298339843750000e+03 9.667154541015625000e+02
1.576298339843750000e+03 9.667154541015625000e+02
1.578797363281250000e+03 7.020501098632812500e+02
1.580683349609375000e+03 1.503056396484375000e+03
1.583868164062500000e+03 1.273389770507812500e+03
1.585965209960937500e+03 6.397431030273437500e+02
1.586793457031250000e+03 1.268325927734375000e+03
1.587262451171875000e+03 1.727960693359375000e+03
1.587262451171875000e+03 1.727960693359375000e+03
1.590869018554687500e+03 1.430462280273437500e+03
1.590869018554687500e+03 1.430462280273437500e+03
1.592493896484375000e+03 1.563351196289062500e+03
1.593833374023437500e+03 1.204515136718750000e+03
1.593850830078125000e+03 7.476074829101562500e+02
1.596437866210937500e+03 1.175733398437500000e+03
1.598421875000000000e+03 1.740700927734375000e+03
1.599950561523437500e+03 1.227623168945312500e+03
1.605188842773437500e+03 1.159553588867187500e+03
1.614408081054687500e+03 1.427697631835937500e+03
1.614446289062500000e+03 1.294686523437500000e+03
1.619055786132812500e+03 1.580009521484375000e+03
1.620348266601562500e+03 1.188484375000000000e+03
1.626133789062500000e+03 1.937246948242187500e+03
1.626990478515625000e+03 1.168736938476562500e+03
1.629618286132812500e+03 1.622933105468750000e+03
1.631206054687500000e+03 1.510169311523437500e+03
1.631299438476562500e+03 1.185791015625000000e+03
1.633969482421875000e+03 9.311182250976562500e+02
1.636021850585937500e+03 1.217752929687500000e+03
1.639851440429687500e+03 1.165730346679687500e+03
1.641840332031250000e+03 9.077993774414062500e+02
1.642034790039062500e+03 6.899833984375000000e+02
1.643208618164062500e+03 1.338717651367187500e+03
1.645545776367187500e+03 1.487256469726562500e+03
1.646275390625000000e+03 1.155104492187500000e+03
1.647860107421875000e+03 1.016286865234375000e+03
1.647945800781250000e+03 1.176025878906250000e+03
1.649467041015625000e+03 1.368023925781250000e+03
1.653472167968750000e+03 1.790854125976562500e+03
1.654460205078125000e+03 2.217312988281250000e+03
1.654460205078125000e+03 2.217312988281250000e+03
1.655418701171875000e+03 7.532407836914062500e+02
1.656986206054687500e+03 7.396787719726562500e+02
1.657105102539062500e+03 9.056374511718750000e+02
1.660097656250000000e+03 7.602242431640625000e+02
1.664004272460937500e+03 8.980932617187500000e+02
1.664103637695312500e+03 1.971567382812500000e+03
1.664952880859375000e+03 7.720600585937500000e+02
1.665382812500000000e+03 1.828894531250000000e+03
1.665805908203125000e+03 1.227637329101562500e+03
1.666680664062500000e+03 1.963146850585937500e+03
1.670046875000000000e+03 1.098185791015625000e+03
1.671727294921875000e+03 1.990135742187500000e+03
1.672457275390625000e+03 9.230751342773437500e+02
1.672457275390625000e+03 9.230751342773437500e+02
1.673402099609375000e+03 1.300116943359375000e+03
1.675429443359375000e+03 5.934102172851562500e+02
1.675472045898437500e+03 7.564326782226562500e+02
1.676472778320312500e+03 1.795166870117187500e+03
1.678150268554687500e+03 1.463859619140625000e+03
1.678396972656250000e+03 1.809203857421875000e+03
1.680130859375000000e+03 1.828780761718750000e+03
1.682529541015625000e+03 2.175851562500000000e+03
1.683869140625000000e+03 1.807714965820312500e+03
1.687882568359375000e+03 1.815367553710937500e+03
1.687882568359375000e+03 1.815367553710937500e+03
1.692353149414062500e+03 1.100102905273437500e+03
1.692413085937500000e+03 1.032279907226562500e+03
1.693199462890625000e+03 6.749240112304687500e+02
1.693682617187500000e+03 1.786883666992187500e+03
1.695039794921875000e+03 1.782354003906250000e+03
1.695231689453125000e+03 1.426113159179687500e+03
1.695957641601562500e+03 9.919075317382812500e+02
1.696770385742187500e+03 1.808534790039062500e+03
1.701717895507812500e+03 1.018139465332031250e+03
1.701940307617187500e+03 1.146920654296875000e+03
1.702019409179687500e+03 1.153594604492187500e+03
1.702019409179687500e+03 1.153594604492187500e+03
1.702048950195312500e+03 1.789485717773437500e+03
1.702291992187500000e+03 2.169785156250000000e+03
1.703156372070312500e+03 1.348458984375000000e+03
1.703347045898437500e+03 1.811650146484375000e+03
1.705339111328125000e+03 1.001591796875000000e+03
1.705931396484375000e+03 1.784435180664062500e+03
1.707782348632812500e+03 1.108147460937500000e+03
1.707782348632812500e+03 1.108147460937500000e+03
1.710798706054687500e+03 1.805871215820312500e+03
1.710798706054687500e+03 1.805871215820312500e+03
1.714014282226562500e+03 1.135529296875000000e+03
1.716736450195312500e+03 1.817014770507812500e+03
1.717174560546875000e+03 1.769675659179687500e+03
1.718078002929687500e+03 1.803304565429687500e+03
1.721880737304687500e+03 7.698477172851562500e+02
1.722819458007812500e+03 7.040422363281250000e+02
1.723909790039062500e+03 1.157645874023437500e+03
1.724127929687500000e+03 1.035317016601562500e+03
1.724127929687500000e+03 1.035317016601562500e+03
1.724683593750000000e+03 1.248700073242187500e+03
1.724685913085937500e+03 7.194836425781250000e+02
1.728005126953125000e+03 1.336364746093750000e+03
1.728005126953125000e+03 1.336364746093750000e+03
1.732724365234375000e+03 1.245998901367187500e+03
1.734863037109375000e+03 7.206099243164062500e+02
1.736270385742187500e+03 1.322369506835937500e+03
1.738618164062500000e+03 1.245077148437500000e+03
1.738825927734375000e+03 7.698740844726562500e+02
1.738908203125000000e+03 2.202295654296875000e+03
1.741525512695312500e+03 1.888598999023437500e+03
1.741525512695312500e+03 1.888598999023437500e+03
1.742533325195312500e+03 2.148486328125000000e+03
1.743081665039062500e+03 1.133306030273437500e+03
1.743485107421875000e+03 1.045908813476562500e+03
1.743722412109375000e+03 1.032080322265625000e+03
1.744038574218750000e+03 2.140202148437500000e+03
1.744800415039062500e+03 2.182243896484375000e+03
1.744800415039062500e+03 2.182243896484375000e+03
1.746665283203125000e+03 1.247607421875000000e+03
1.748521850585937500e+03 1.267682128906250000e+03
1.751525634765625000e+03 1.390177490234375000e+03
1.752578857421875000e+03 9.968190307617187500e+02
1.752857666015625000e+03 1.617468505859375000e+03
1.755309570312500000e+03 9.652506713867187500e+02
1.756012084960937500e+03 1.262310791015625000e+03
1.757377929687500000e+03 1.047553466796875000e+03
1.758155151367187500e+03 1.232174682617187500e+03
1.760061401367187500e+03 2.008053955078125000e+03
1.763531250000000000e+03 1.620125854492187500e+03
1.768687255859375000e+03 1.226338012695312500e+03
1.771366699218750000e+03 4.730882263183593750e+02
1.771855712890625000e+03 1.781738769531250000e+03
1.781162109375000000e+03 1.103976074218750000e+03
1.782747436523437500e+03 1.190484741210937500e+03
1.784934082031250000e+03 1.471143798828125000e+03
1.787270874023437500e+03 1.203017089843750000e+03
1.790034423828125000e+03 2.153059570312500000e+03
1.792256469726562500e+03 5.697749633789062500e+02
1.794723999023437500e+03 2.014668823242187500e+03
1.796937988281250000e+03 4.852102661132812500e+02
1.797667114257812500e+03 1.107759277343750000e+03
1.800558837890625000e+03 2.118432373046875000e+03
1.802886596679687500e+03 4.679754333496093750e+02
1.803965454101562500e+03 1.712526000976562500e+03
1.806336303710937500e+03 1.156751464843750000e+03
1.806336303710937500e+03 1.156751464843750000e+03
1.809215942382812500e+03 1.194209960937500000e+03
1.809277343750000000e+03 7.286219482421875000e+02
1.811218017578125000e+03 3.572382507324218750e+02
1.811225097656250000e+03 3.400252685546875000e+02
1.812477172851562500e+03 4.856997680664062500e+02
1.816703247070312500e+03 1.234055419921875000e+03
1.817007690429687500e+03 3.259239196777343750e+02
1.819135009765625000e+03 1.308641723632812500e+03
1.819135009765625000e+03 1.308641723632812500e+03
1.819459960937500000e+03 3.437514343261718750e+02
1.819459960937500000e+03 3.437514343261718750e+02
1.820640014648437500e+03 2.152488525390625000e+03
1.820709106445312500e+03 1.183862670898437500e+03
1.821666992187500000e+03 5.088349304199218750e+02
1.822510620117187500e+03 1.338076171875000000e+03
1.822888061523437500e+03 1.141725463867187500e+03
1.824438354492187500e+03 1.298896606445312500e+03
1.824438354492187500e+03 1.298896606445312500e+03
1.826330444335937500e+03 3.352606201171875000e+02
1.828003906250000000e+03 3.297850646972656250e+02
1.829476074218750000e+03 1.291409423828125000e+03
1.830177856445312500e+03 7.775057983398437500e+02
1.831182373046875000e+03 1.371087524414062500e+03
1.832341918945312500e+03 1.081583984375000000e+03
1.832495483398437500e+03 6.878757934570312500e+02
1.834083007812500000e+03 7.930297851562500000e+02
1.835420043945312500e+03 1.299974487304687500e+03
1.835420043945312500e+03 1.299974487304687500e+03
1.836588256835937500e+03 7.791198120117187500e+02
1.837441894531250000e+03 7.890138549804687500e+02
1.838434814453125000e+03 1.361367431640625000e+03
1.838839477539062500e+03 1.076090820312500000e+03
1.839333984375000000e+03 1.894168090820312500e+03
1.839408691406250000e+03 1.990031738281250000e+03
1.839728515625000000e+03 6.972026367187500000e+02
1.840042724609375000e+03 1.385095458984375000e+03
1.840042724609375000e+03 1.385095458984375000e+03
1.840458496093750000e+03 7.740160522460937500e+02
1.841456298828125000e+03 1.298465698242187500e+03
1.841456298828125000e+03 1.298465698242187500e+03
1.841513671875000000e+03 7.188063354492187500e+02
1.842153808593750000e+03 1.283604736328125000e+03
1.842931518554687500e+03 7.034317626953125000e+02
1.843359985351562500e+03 1.369288696289062500e+03
1.843359985351562500e+03 1.369288696289062500e+03
1.843749267578125000e+03 1.983571289062500000e+03
1.843749267578125000e+03 1.983571289062500000e+03
1.843887939453125000e+03 7.502280883789062500e+02
1.845509277343750000e+03 1.843207885742187500e+03
1.845709594726562500e+03 1.292777954101562500e+03
1.847027465820312500e+03 7.006781005859375000e+02
1.848293945312500000e+03 1.159957885742187500e+03
1.848293945312500000e+03 1.159957885742187500e+03
1.850234008789062500e+03 1.970228149414062500e+03
1.850273681640625000e+03 1.855108032226562500e+03
1.850490478515625000e+03 7.824396362304687500e+02
1.851456542968750000e+03 1.407403930664062500e+03
1.851707641601562500e+03 1.833470703125000000e+03
1.852203613281250000e+03 7.756080932617187500e+02
1.852203613281250000e+03 7.756080932617187500e+02
1.853560058593750000e+03 6.913912963867187500e+02
1.854497802734375000e+03 1.275508911132812500e+03
1.854942871093750000e+03 1.965057250976562500e+03
1.858122436523437500e+03 1.423440307617187500e+03
1.858183593750000000e+03 9.536062622070312500e+02
1.858590209960937500e+03 1.787958740234375000e+03
1.858717529296875000e+03 1.705128540039062500e+03
1.859020629882812500e+03 7.273837280273437500e+02
1.859020629882812500e+03 7.273837280273437500e+02
1.861160034179687500e+03 1.709825439453125000e+03
1.861634643554687500e+03 1.458144897460937500e+03
1.868389038085937500e+03 7.200588378906250000e+02
1.868390625000000000e+03 1.720638305664062500e+03
1.868530883789062500e+03 9.565413208007812500e+02
1.868900512695312500e+03 1.724934082031250000e+03
1.871490844726562500e+03 9.684335937500000000e+02
1.871901245117187500e+03 1.815801879882812500e+03
1.872574829101562500e+03 6.864020996093750000e+02
1.872884521484375000e+03 9.563933715820312500e+02
1.874203247070312500e+03 6.545794677734375000e+02
1.874836547851562500e+03 1.477564453125000000e+03
1.875118530273437500e+03 2.222792968750000000e+03
1.879690795898437500e+03 1.192445068359375000e+03
1.880039794921875000e+03 1.970660888671875000e+03
1.882717285156250000e+03 5.509718627929687500e+02
1.884235839843750000e+03 2.985411376953125000e+02
1.884337768554687500e+03 2.250931884765625000e+03
1.884371459960937500e+03 1.117560180664062500e+03
1.887486694335937500e+03 5.394405517578125000e+02
1.887486694335937500e+03 5.394405517578125000e+02
1.889822143554687500e+03 6.912092895507812500e+02
1.889822143554687500e+03 6.912092895507812500e+02
1.889992675781250000e+03 2.242583496093750000e+03
1.891028442382812500e+03 5.493364868164062500e+02
1.891259643554687500e+03 1.799130615234375000e+03
1.894188110351562500e+03 2.909311523437500000e+02
1.894846313476562500e+03 1.198035156250000000e+03
1.894846313476562500e+03 1.198035156250000000e+03
1.894994873046875000e+03 7.201746215820312500e+02
1.895286865234375000e+03 1.484017944335937500e+03
1.899938842773437500e+03 2.920220642089843750e+02
1.900306030273437500e+03 1.218847167968750000e+03
1.902746948242187500e+03 2.810686645507812500e+02
1.902960083007812500e+03 1.506016113281250000e+03
1.903953735351562500e+03 2.962162475585937500e+02
1.904687011718750000e+03 2.921261901855468750e+02
1.905756469726562500e+03 3.502972717285156250e+02
1.906171142578125000e+03 1.867797851562500000e+03
1.906308837890625000e+03 3.027487792968750000e+02
1.906768676757812500e+03 1.737870239257812500e+03
1.906857910156250000e+03 1.758333862304687500e+03
1.908309570312500000e+03 1.118652954101562500e+03
1.909802490234375000e+03 2.238844238281250000e+03
1.909859985351562500e+03 1.490478637695312500e+03
1.910968139648437500e+03 1.215067260742187500e+03
1.911694213867187500e+03 1.331129028320312500e+03
1.912358642578125000e+03 1.124577392578125000e+03
1.912358642578125000e+03 1.124577392578125000e+03
1.913191284179687500e+03 1.137852050781250000e+03
1.914413330078125000e+03 6.382972412109375000e+02
1.914413330078125000e+03 6.382972412109375000e+02
1.914432250976562500e+03 2.253608398437500000e+03
1.918010009765625000e+03 1.120952392578125000e+03
1.920034301757812500e+03 1.247400268554687500e+03
1.920594116210937500e+03 3.385145263671875000e+02
1.921257690429687500e+03 6.062069702148437500e+02
1.922852905273437500e+03 2.230780273437500000e+03
1.922852905273437500e+03 2.230780273437500000e+03
1.927804687500000000e+03 6.271661987304687500e+02
1.927930297851562500e+03 2.246469726562500000e+03
1.928211425781250000e+03 1.746070922851562500e+03
1.928227905273437500e+03 1.565354736328125000e+03
1.928464477539062500e+03 5.669276733398437500e+02
1.928845336914062500e+03 6.377659301757812500e+02
1.928970336914062500e+03 1.143278320312500000e+03
1.929357910156250000e+03 1.185333007812500000e+03
1.929359497070312500e+03 1.094739257812500000e+03
1.930195922851562500e+03 1.252947509765625000e+03
1.930632812500000000e+03 1.208882446289062500e+03
1.931503540039062500e+03 1.222881469726562500e+03
1.931632324218750000e+03 2.231038330078125000e+03
1.933081665039062500e+03 2.231884521484375000e+03
1.933635498046875000e+03 2.585963439941406250e+02
1.933676147460937500e+03 1.770152587890625000e+03
1.933822265625000000e+03 2.244106201171875000e+03
1.933822265625000000e+03 2.244106201171875000e+03
1.934574707031250000e+03 1.225774658203125000e+03
1.935575073242187500e+03 6.467950439453125000e+02
1.937046997070312500e+03 1.785949829101562500e+03
1.937904785156250000e+03 1.116514160156250000e+03
1.939018066406250000e+03 1.763336791992187500e+03
1.939382690429687500e+03 1.130417724609375000e+03
1.939916748046875000e+03 2.232832519531250000e+03
1.940311401367187500e+03 1.083976318359375000e+03
1.940629394531250000e+03 6.647355346679687500e+02
1.941146850585937500e+03 1.785474853515625000e+03
1.941844604492187500e+03 1.253884765625000000e+03
1.942722778320312500e+03 1.788975097656250000e+03
1.942843994140625000e+03 6.560888061523437500e+02
1.943375854492187500e+03 1.130431274414062500e+03
1.943375854492187500e+03 1.130431274414062500e+03
1.943382324218750000e+03 2.250429443359375000e+03
1.943382324218750000e+03 2.250429443359375000e+03
1.944485961914062500e+03 1.134205932617187500e+03
1.944858520507812500e+03 6.418056030273437500e+02
1.945357055664062500e+03 1.759528076171875000e+03
1.945682617187500000e+03 1.044132934570312500e+03
1.945992797851562500e+03 1.785055908203125000e+03
1.947696044921875000e+03 6.846023559570312500e+02
1.948130859375000000e+03 1.474197875976562500e+03
1.948999023437500000e+03 1.501959716796875000e+03
1.948999023437500000e+03 1.501959716796875000e+03
1.949245361328125000e+03 6.921872558593750000e+02
1.949518676757812500e+03 1.127666625976562500e+03
1.950685058593750000e+03 1.399797485351562500e+03
1.951253173828125000e+03 6.486393432617187500e+02
1.951663208007812500e+03 7.000648803710937500e+02
1.952846679687500000e+03 1.074455078125000000e+03
1.953213378906250000e+03 1.550066040039062500e+03
1.953306274414062500e+03 1.462917938232421875e+02
1.953306274414062500e+03 1.462917938232421875e+02
1.953306274414062500e+03 1.462917938232421875e+02
1.954396728515625000e+03 1.504949829101562500e+03
1.955358886718750000e+03 6.069391479492187500e+02
1.956086181640625000e+03 6.601635131835937500e+02
1.956328979492187500e+03 1.111750000000000000e+03
1.956761352539062500e+03 7.708759765625000000e+02
1.956799438476562500e+03 7.591333618164062500e+02
1.957006835937500000e+03 1.512080078125000000e+03
1.958465454101562500e+03 7.012736816406250000e+02
1.958465454101562500e+03 7.012736816406250000e+02
1.959741943359375000e+03 6.524978637695312500e+02
1.962976684570312500e+03 1.099993774414062500e+03
1.962990844726562500e+03 7.729966430664062500e+02
1.963117187500000000e+03 6.489925537109375000e+02
1.963117187500000000e+03 6.489925537109375000e+02
1.963280151367187500e+03 6.649080200195312500e+02
1.964185302734375000e+03 1.124156372070312500e+03
1.964185302734375000e+03 1.124156372070312500e+03
1.964357910156250000e+03 1.058392333984375000e+03
1.964566162109375000e+03 7.600057983398437500e+02
1.964713378906250000e+03 1.994739257812500000e+03
1.965013427734375000e+03 8.380487670898437500e+02
1.966161010742187500e+03 4.550247497558593750e+02
1.967187500000000000e+03 6.562910156250000000e+02
1.967192749023437500e+03 1.800062377929687500e+03
1.967370483398437500e+03 4.603153686523437500e+02
1.967370483398437500e+03 4.603153686523437500e+02
1.967372802734375000e+03 6.462371215820312500e+02
1.967424194335937500e+03 7.677692871093750000e+02
1.968040405273437500e+03 7.046029663085937500e+02
1.968279052734375000e+03 5.286058959960937500e+02
1.968547119140625000e+03 1.121375488281250000e+03
1.968630371093750000e+03 1.503828735351562500e+03
1.968630371093750000e+03 1.503828735351562500e+03
1.968701538085937500e+03 1.530885314941406250e+02
1.968921386718750000e+03 2.878918457031250000e+02
1.970203491210937500e+03 7.552209472656250000e+02
1.970713256835937500e+03 6.996036376953125000e+02
1.971818969726562500e+03 8.239956665039062500e+02
1.972047729492187500e+03 2.953686523437500000e+02
1.972056640625000000e+03 2.518696594238281250e+02
1.972056640625000000e+03 2.518696594238281250e+02
1.972366699218750000e+03 6.481546020507812500e+02
1.973586059570312500e+03 7.701171875000000000e+02
1.974485473632812500e+03 4.538881225585937500e+02
1.975841186523437500e+03 2.853565979003906250e+02
1.976350097656250000e+03 4.636582336425781250e+02
1.976476684570312500e+03 1.557841186523437500e+03
1.978701049804687500e+03 2.431145477294921875e+02
1.979116943359375000e+03 2.530461883544921875e+02
1.979116943359375000e+03 2.530461883544921875e+02
1.979117919921875000e+03 1.090835205078125000e+03
1.981384277343750000e+03 4.841855773925781250e+02
1.981384765625000000e+03 1.831295898437500000e+03
1.981983886718750000e+03 1.120423217773437500e+03
1.981983886718750000e+03 1.120423217773437500e+03
1.982383178710937500e+03 2.731911315917968750e+02
1.982383178710937500e+03 2.731911315917968750e+02
1.982960815429687500e+03 1.202751220703125000e+03
1.982980102539062500e+03 6.441583251953125000e+02
1.984225463867187500e+03 1.076611450195312500e+03
1.984740112304687500e+03 2.638679504394531250e+02
1.984749023437500000e+03 4.743984985351562500e+02
1.985196166992187500e+03 1.110493041992187500e+03
1.985386596679687500e+03 7.596101684570312500e+02
1.985446411132812500e+03 2.500845642089843750e+02
1.986865966796875000e+03 1.824987670898437500e+03
1.986865966796875000e+03 1.824987670898437500e+03
1.990230712890625000e+03 2.832391967773437500e+02
1.990387329101562500e+03 1.170206665039062500e+03
1.991230834960937500e+03 1.823496093750000000e+03
1.991230834960937500e+03 1.823496093750000000e+03
1.991562011718750000e+03 2.748220214843750000e+02
1.992392089843750000e+03 7.552508544921875000e+02
1.992839477539062500e+03 1.166575683593750000e+03
1.992839477539062500e+03 1.166575683593750000e+03
1.993260620117187500e+03 1.475883178710937500e+03
1.993442871093750000e+03 1.320384887695312500e+03
1.993545654296875000e+03 1.800180786132812500e+03
1.993613403320312500e+03 6.531542968750000000e+02
1.993894409179687500e+03 7.695797119140625000e+02
1.994428833007812500e+03 1.917453735351562500e+03
1.994550903320312500e+03 1.092087524414062500e+03
1.994601562500000000e+03 1.794088378906250000e+03
1.996510498046875000e+03 1.591917236328125000e+03
1.996781738281250000e+03 7.555401611328125000e+02
1.996781738281250000e+03 7.555401611328125000e+02
1.996817382812500000e+03 6.922415771484375000e+02
1.997298828125000000e+03 6.483148803710937500e+02
1.997584838867187500e+03 1.800810546875000000e+03
1.999095825195312500e+03 7.706921997070312500e+02
1.999286865234375000e+03 6.939335327148437500e+02
1.999896606445312500e+03 1.343126586914062500e+03
1.999995605468750000e+03 1.230714599609375000e+03
2.000271484375000000e+03 1.063543823242187500e+03
2.000665283203125000e+03 7.465480346679687500e+02
2.000733764648437500e+03 1.170023681640625000e+03
2.000822387695312500e+03 2.148449951171875000e+03
2.001628906250000000e+03 1.086852661132812500e+03
2.001942016601562500e+03 6.860901489257812500e+02
2.002047119140625000e+03 1.887265625000000000e+03
2.002047119140625000e+03 1.887265625000000000e+03
2.003334838867187500e+03 6.538275756835937500e+02
2.004670898437500000e+03 7.459534912109375000e+02
2.004844482421875000e+03 7.680911254882812500e+02
2.006334960937500000e+03 1.886627075195312500e+03
2.008146850585937500e+03 6.670357055664062500e+02
2.008643798828125000e+03 6.920192871093750000e+02
2.009640014648437500e+03 6.722142333984375000e+02
2.010267333984375000e+03 8.917225952148437500e+02
2.010734985351562500e+03 2.163645263671875000e+03
2.010760986328125000e+03 5.444519042968750000e+02
2.011479858398437500e+03 7.468725585937500000e+02
2.012537109375000000e+03 1.909827148437500000e+03
2.013346435546875000e+03 7.630196533203125000e+02
2.014005493164062500e+03 7.694462280273437500e+02
2.015272583007812500e+03 1.157235107421875000e+03
2.016649414062500000e+03 1.605439697265625000e+03
2.018804321289062500e+03 2.139118652343750000e+03
2.019856445312500000e+03 3.471759338378906250e+02
2.020579223632812500e+03 1.841998657226562500e+03
2.021579589843750000e+03 7.590327148437500000e+02
2.022862548828125000e+03 1.001241027832031250e+03
2.022862548828125000e+03 1.001241027832031250e+03
2.023269165039062500e+03 4.241291809082031250e+02
2.023646362304687500e+03 1.353149902343750000e+03
2.024748046875000000e+03 4.159805603027343750e+02
2.026579711914062500e+03 1.106539428710937500e+03
2.029010986328125000e+03 1.217973632812500000e+03
2.030161132812500000e+03 3.231893615722656250e+02
2.034540405273437500e+03 1.554001220703125000e+03
2.036366333007812500e+03 4.355894775390625000e+02
2.037960449218750000e+03 1.660940429687500000e+03
2.038082153320312500e+03 1.196658691406250000e+03
2.039262817382812500e+03 1.188937377929687500e+03
2.040670166015625000e+03 3.336955871582031250e+02
2.041337524414062500e+03 1.173899291992187500e+03
2.041602050781250000e+03 7.291128540039062500e+02
2.041612060546875000e+03 4.120625610351562500e+02
2.042309448242187500e+03 1.522923950195312500e+03
2.043361938476562500e+03 1.319208740234375000e+03
2.044651367187500000e+03 4.421564941406250000e+02
2.045749267578125000e+03 1.156496948242187500e+03
2.047044921875000000e+03 1.286970092773437500e+03
2.047709228515625000e+03 3.843996582031250000e+02
2.048897705078125000e+03 1.562625732421875000e+03
2.049286865234375000e+03 1.293057739257812500e+03
2.050084228515625000e+03 2.804189758300781250e+02
2.052063476562500000e+03 4.250924377441406250e+02
2.052864501953125000e+03 3.052999572753906250e+02
2.053269531250000000e+03 2.755050048828125000e+02
2.056404296875000000e+03 4.491626281738281250e+02
2.056404296875000000e+03 4.491626281738281250e+02
2.056404296875000000e+03 4.491626281738281250e+02
2.058479248046875000e+03 9.230186767578125000e+02
2.059820556640625000e+03 1.259862182617187500e+03
2.063452392578125000e+03 1.983764526367187500e+03
2.064097412109375000e+03 1.334131469726562500e+03
2.064736572265625000e+03 2.015405639648437500e+03
2.065311279296875000e+03 1.634493164062500000e+03
2.066483398437500000e+03 9.314234619140625000e+02
2.066536132812500000e+03 1.049577270507812500e+03
2.067583251953125000e+03 1.056860229492187500e+03
2.069154541015625000e+03 1.062403320312500000e+03
2.069154541015625000e+03 1.062403320312500000e+03
2.071916992187500000e+03 3.527028808593750000e+02
2.071949951171875000e+03 1.053213867187500000e+03
2.072885253906250000e+03 2.233748535156250000e+03
2.073451416015625000e+03 1.065597412109375000e+03
2.074130859375000000e+03 2.042460205078125000e+03
2.079306640625000000e+03 6.794588623046875000e+02
2.082365478515625000e+03 6.920893554687500000e+02
2.083706054687500000e+03 1.072509521484375000e+03
2.085801025390625000e+03 4.083431701660156250e+02
2.087171875000000000e+03 2.060315917968750000e+03
2.087387695312500000e+03 1.282812622070312500e+03
2.087387695312500000e+03 1.282812622070312500e+03
2.087661621093750000e+03 4.031415100097656250e+02
2.087989013671875000e+03 1.052884399414062500e+03
2.090251953125000000e+03 6.839994506835937500e+02
2.090615478515625000e+03 5.205452880859375000e+02
2.090781494140625000e+03 1.033229614257812500e+03
2.097538085937500000e+03 4.014839172363281250e+02
2.098576660156250000e+03 3.747335815429687500e+02
2.099090820312500000e+03 1.126615966796875000e+03
2.102135253906250000e+03 3.916610107421875000e+02
2.104323974609375000e+03 1.311731079101562500e+03
2.104940673828125000e+03 1.020690124511718750e+03
2.105571044921875000e+03 1.254664184570312500e+03
2.105816894531250000e+03 6.940465698242187500e+02
2.106661621093750000e+03 1.568686523437500000e+03
2.107583984375000000e+03 1.484746459960937500e+03
2.107584716796875000e+03 3.799136047363281250e+02
2.107726806640625000e+03 4.267811584472656250e+02
2.108280761718750000e+03 6.753578491210937500e+02
2.109449462890625000e+03 4.565006103515625000e+02
2.111320800781250000e+03 3.104943237304687500e+02
2.111817382812500000e+03 1.293287231445312500e+03
2.111817382812500000e+03 1.293287231445312500e+03
2.114048828125000000e+03 1.302011230468750000e+03
2.114277099609375000e+03 2.228870361328125000e+03
2.114712402343750000e+03 1.296830932617187500e+03
2.115212646484375000e+03 5.330040893554687500e+02
2.115733642578125000e+03 4.269240417480468750e+02
2.116656250000000000e+03 4.665536499023437500e+02
2.116763183593750000e+03 1.288473999023437500e+03
2.117654785156250000e+03 4.527942199707031250e+02
2.118792968750000000e+03 5.071793518066406250e+02
2.118817626953125000e+03 1.566188720703125000e+03
2.120264648437500000e+03 5.625784301757812500e+02
2.123040527343750000e+03 1.303474975585937500e+03
2.123700439453125000e+03 4.467108764648437500e+02
2.123700439453125000e+03 4.467108764648437500e+02
2.124545166015625000e+03 1.314391723632812500e+03
2.125205078125000000e+03 1.128698730468750000e+03
2.126638916015625000e+03 1.310689819335937500e+03
2.127268310546875000e+03 4.387771911621093750e+02
2.127268310546875000e+03 4.387771911621093750e+02
2.129358642578125000e+03 1.305737670898437500e+03
2.129358642578125000e+03 1.305737670898437500e+03
2.130604248046875000e+03 1.259965454101562500e+03
2.134112548828125000e+03 4.199187622070312500e+02
2.135900146484375000e+03 7.293689575195312500e+02
2.135935058593750000e+03 1.327576782226562500e+03
2.138092041015625000e+03 1.250209228515625000e+03
2.138107666015625000e+03 1.325146850585937500e+03
2.138183105468750000e+03 1.506024902343750000e+03
2.138603027343750000e+03 5.989608154296875000e+02
2.139043945312500000e+03 5.202293701171875000e+02
2.139825439453125000e+03 1.635906524658203125e+02
2.142113769531250000e+03 1.324610839843750000e+03
2.143284667968750000e+03 4.172139282226562500e+02
2.143624267578125000e+03 1.625418334960937500e+03
2.145840087890625000e+03 5.242305908203125000e+02
2.145885009765625000e+03 1.373867187500000000e+03
2.147365234375000000e+03 1.332468750000000000e+03
2.147894287109375000e+03 1.341764526367187500e+03
2.147894287109375000e+03 1.341764526367187500e+03
2.147966308593750000e+03 1.323777587890625000e+03
2.148658203125000000e+03 1.479596679687500000e+03
2.149764892578125000e+03 1.345855346679687500e+03
2.150303466796875000e+03 1.339453735351562500e+03
2.150856445312500000e+03 1.351035522460937500e+03
2.150856689453125000e+03 1.533602539062500000e+03
2.152765136718750000e+03 1.067457275390625000e+03
2.155055908203125000e+03 1.330099975585937500e+03
2.155380371093750000e+03 5.470142822265625000e+02
2.156233886718750000e+03 1.343150390625000000e+03
2.156268554687500000e+03 4.762111816406250000e+02
2.157159667968750000e+03 1.534585937500000000e+03
2.157377441406250000e+03 3.250747985839843750e+02
2.157835205078125000e+03 4.634893493652343750e+02
2.160927490234375000e+03 1.347679077148437500e+03
2.163608886718750000e+03 1.197012451171875000e+03
2.163710449218750000e+03 3.471496887207031250e+02
2.163710449218750000e+03 3.471496887207031250e+02
2.170135498046875000e+03 4.674351196289062500e+02
2.170608154296875000e+03 1.525376342773437500e+03
2.174052490234375000e+03 1.512805175781250000e+03
2.174389160156250000e+03 1.560160400390625000e+03
2.175089355468750000e+03 1.338456909179687500e+03
2.178865478515625000e+03 1.416752319335937500e+03
2.179041503906250000e+03 6.164783325195312500e+02
2.181223876953125000e+03 5.476625366210937500e+02
2.181332519531250000e+03 2.151476593017578125e+02
2.183711669921875000e+03 1.838234375000000000e+03
2.184765869140625000e+03 9.378178100585937500e+02
2.185628662109375000e+03 1.730091308593750000e+03
2.185853271484375000e+03 1.808113281250000000e+03
2.186060058593750000e+03 5.186992797851562500e+02
2.186343261718750000e+03 2.018541717529296875e+02
2.188765380859375000e+03 1.177301391601562500e+03
2.189199218750000000e+03 1.478172485351562500e+03
2.189655029296875000e+03 1.077328247070312500e+03
2.189797119140625000e+03 1.447564575195312500e+03
2.190734130859375000e+03 1.911575164794921875e+02
2.192192626953125000e+03 1.817150512695312500e+03
2.192196289062500000e+03 2.758181762695312500e+02
2.193302246093750000e+03 1.990562744140625000e+02
2.193341308593750000e+03 5.710505371093750000e+02
2.196019775390625000e+03 2.469050292968750000e+02
2.196563476562500000e+03 1.436660888671875000e+03
2.196690429687500000e+03 1.476360595703125000e+03
2.197204589843750000e+03 1.940124023437500000e+03
2.198238769531250000e+03 1.815459350585937500e+03
2.199807617187500000e+03 2.050457611083984375e+02
2.201920166015625000e+03 2.237197021484375000e+03
2.201920166015625000e+03 2.237197021484375000e+03
2.202208251953125000e+03 5.070475158691406250e+02
2.204836181640625000e+03 1.485453735351562500e+03
2.204849853515625000e+03 7.834905395507812500e+02
2.204893310546875000e+03 1.784953979492187500e+03
2.205927734375000000e+03 1.219248535156250000e+03
2.206065429687500000e+03 1.495836181640625000e+03
2.206627197265625000e+03 1.111452392578125000e+03
2.207057128906250000e+03 1.329642700195312500e+03
2.207740722656250000e+03 1.335758422851562500e+03
2.208816406250000000e+03 1.481135498046875000e+03
2.208816406250000000e+03 1.481135498046875000e+03
2.210349121093750000e+03 2.012656555175781250e+02
2.210349121093750000e+03 2.012656555175781250e+02
2.210823486328125000e+03 1.780187744140625000e+03
2.210823486328125000e+03 1.780187744140625000e+03
2.211178466796875000e+03 1.503198852539062500e+03
2.211916992187500000e+03 2.131351806640625000e+03
2.212037841796875000e+03 1.476676757812500000e+03
2.212908935546875000e+03 6.038906860351562500e+02
2.213283447265625000e+03 1.339884277343750000e+03
2.215671386718750000e+03 4.971859130859375000e+02
2.217810058593750000e+03 3.635242614746093750e+02
2.218307861328125000e+03 1.191798583984375000e+03
2.220226562500000000e+03 1.803249145507812500e+03
2.220866943359375000e+03 2.004168212890625000e+03
2.221005126953125000e+03 6.850073852539062500e+02
2.221146484375000000e+03 2.609121093750000000e+02
2.221869384765625000e+03 1.785236206054687500e+03
2.221869384765625000e+03 1.785236206054687500e+03
2.223714843750000000e+03 8.713441772460937500e+02
2.223783447265625000e+03 1.808749633789062500e+03
2.229630615234375000e+03 5.936049194335937500e+02
2.232528808593750000e+03 5.025342102050781250e+02
2.233509521484375000e+03 1.937075683593750000e+03
2.234695800781250000e+03 5.558073730468750000e+02
2.235085449218750000e+03 2.652021789550781250e+02
2.250991699218750000e+03 1.187234130859375000e+03
2.252209716796875000e+03 2.139073028564453125e+02
2.253241943359375000e+03 4.975985717773437500e+02
2.254149169921875000e+03 1.854883300781250000e+03
2.254776367187500000e+03 1.963968627929687500e+03
2.255174316406250000e+03 9.035950317382812500e+02
2.256301757812500000e+03 2.261616973876953125e+02
2.256348632812500000e+03 6.522335815429687500e+02
2.256635986328125000e+03 1.246381958007812500e+03
2.256635986328125000e+03 1.246381958007812500e+03
2.257233154296875000e+03 2.573755493164062500e+02
2.257291503906250000e+03 8.533745727539062500e+02
2.258971191406250000e+03 1.609749023437500000e+03
2.264066894531250000e+03 4.403891296386718750e+02
2.264424804687500000e+03 1.257579467773437500e+03
2.265068359375000000e+03 1.276964477539062500e+03
2.265172607421875000e+03 1.301842773437500000e+03
2.266703613281250000e+03 2.045738677978515625e+02
2.269150146484375000e+03 1.953656005859375000e+03
2.272979003906250000e+03 9.300993652343750000e+02
2.277145263671875000e+03 1.952336914062500000e+03
2.277464843750000000e+03 7.359588623046875000e+02
2.278141357421875000e+03 3.232521362304687500e+02
2.284602050781250000e+03 1.944746704101562500e+03
2.285706787109375000e+03 3.171960144042968750e+02
2.286765625000000000e+03 9.216773681640625000e+02
2.292655517578125000e+03 1.387368652343750000e+03
2.292881591796875000e+03 3.296867675781250000e+02
2.295172607421875000e+03 1.994595703125000000e+03
2.295229003906250000e+03 3.251235351562500000e+02
2.296892333984375000e+03 1.701791137695312500e+03
2.297351806640625000e+03 4.204039306640625000e+02
2.298975097656250000e+03 1.923935058593750000e+03
2.302896484375000000e+03 1.702602905273437500e+03
2.304598876953125000e+03 9.160878906250000000e+02
2.307321289062500000e+03 1.922505493164062500e+03
2.307590820312500000e+03 1.717248657226562500e+03
2.309241943359375000e+03 5.522877807617187500e+02
2.318921142578125000e+03 1.940043579101562500e+03
2.319125732421875000e+03 6.333581542968750000e+02
2.319204833984375000e+03 1.879275634765625000e+03
2.320030273437500000e+03 9.158005371093750000e+02
2.320850097656250000e+03 3.128523864746093750e+02
2.324299560546875000e+03 1.039096557617187500e+03
2.324400634765625000e+03 5.971655883789062500e+02
2.325861572265625000e+03 1.917300292968750000e+03
2.325992919921875000e+03 2.198887939453125000e+03
2.326422851562500000e+03 6.090020141601562500e+02
2.327311523437500000e+03 1.078007446289062500e+03
2.330631103515625000e+03 8.943621826171875000e+02
2.331581787109375000e+03 1.763014526367187500e+03
2.331720214843750000e+03 4.755764770507812500e+02
2.333207519531250000e+03 1.900983520507812500e+03
2.335673095703125000e+03 1.918810302734375000e+03
2.336275390625000000e+03 1.118083862304687500e+03
2.336620117187500000e+03 5.920601196289062500e+02
2.338174560546875000e+03 1.363389282226562500e+03
2.339549072265625000e+03 9.171912231445312500e+02
2.339855712890625000e+03 8.804779052734375000e+02
2.342029052734375000e+03 8.982706298828125000e+02
2.343248046875000000e+03 4.949127807617187500e+02
2.347434326171875000e+03 5.780705566406250000e+02
2.347434326171875000e+03 5.780705566406250000e+02
2.347434326171875000e+03 5.780705566406250000e+02
2.347509521484375000e+03 1.892755859375000000e+03
2.347509521484375000e+03 1.892755859375000000e+03
2.351772460937500000e+03 1.088061523437500000e+03
2.357673339843750000e+03 1.812385742187500000e+03
2.363225585937500000e+03 8.632662963867187500e+02
2.363225585937500000e+03 8.632662963867187500e+02
2.365305175781250000e+03 8.910915527343750000e+02
2.367540283203125000e+03 1.767841796875000000e+03
2.371189941406250000e+03 5.264274902343750000e+02
2.372697998046875000e+03 1.385823364257812500e+03
2.375534179687500000e+03 2.179611083984375000e+03
2.377526123046875000e+03 4.598212585449218750e+02
2.377646484375000000e+03 5.855856933593750000e+02
2.379538574218750000e+03 8.595402832031250000e+02
2.380575683593750000e+03 1.331789184570312500e+03
2.382324218750000000e+03 1.152128784179687500e+03
2.383561767578125000e+03 1.042348754882812500e+03
2.385079589843750000e+03 1.915858764648437500e+03
2.385667236328125000e+03 1.356692382812500000e+03
2.385667236328125000e+03 1.356692382812500000e+03
2.395881835937500000e+03 7.678278198242187500e+02
2.396151367187500000e+03 1.975992797851562500e+03
2.396776123046875000e+03 3.241283264160156250e+02
2.397963867187500000e+03 5.315955200195312500e+02
2.398292236328125000e+03 1.092903930664062500e+03
2.399452636718750000e+03 4.023311157226562500e+02
2.401667236328125000e+03 8.684315795898437500e+02
2.403732177734375000e+03 5.504606933593750000e+02
2.405075439453125000e+03 4.279403991699218750e+02
2.405075439453125000e+03 4.279403991699218750e+02
2.407639648437500000e+03 7.042962036132812500e+02
2.410487792968750000e+03 1.244409667968750000e+03
2.416356201171875000e+03 6.747402343750000000e+02
2.416526123046875000e+03 5.668217773437500000e+02
2.421964111328125000e+03 7.438595581054687500e+02
2.427007812500000000e+03 5.676968994140625000e+02
2.427354736328125000e+03 4.202609558105468750e+02
2.430191406250000000e+03 7.143255615234375000e+02
2.431660888671875000e+03 7.241419067382812500e+02
2.433263916015625000e+03 7.656442260742187500e+02
2.435105957031250000e+03 1.904344970703125000e+03
2.436491455078125000e+03 6.462925415039062500e+02
2.437897216796875000e+03 1.246319580078125000e+03
2.438379394531250000e+03 5.465384521484375000e+02
2.440632324218750000e+03 4.776374511718750000e+02
2.440632324218750000e+03 4.776374511718750000e+02
2.443446777343750000e+03 5.126729736328125000e+02
2.446511230468750000e+03 7.135136718750000000e+02
2.447820312500000000e+03 4.218789367675781250e+02
2.449061279296875000e+03 4.142722167968750000e+02
2.449648193359375000e+03 1.059690307617187500e+03
2.450567138671875000e+03 7.950601196289062500e+02
2.451349121093750000e+03 5.760513916015625000e+02
2.451928710937500000e+03 1.907127929687500000e+03
2.451980224609375000e+03 5.554394531250000000e+02
2.451980224609375000e+03 5.554394531250000000e+02
2.459434814453125000e+03 5.222548828125000000e+02
2.461322021484375000e+03 1.091324707031250000e+03
2.461970703125000000e+03 4.157372131347656250e+02
2.464750000000000000e+03 4.949679260253906250e+02
2.474226074218750000e+03 5.915127563476562500e+02
2.475650390625000000e+03 4.637470092773437500e+02
2.483898925781250000e+03 4.845659484863281250e+02
2.486295898437500000e+03 5.183292236328125000e+02
2.487233886718750000e+03 1.107300903320312500e+03
2.490796630859375000e+03 8.277828369140625000e+02
2.491175781250000000e+03 7.981470947265625000e+02
2.493117187500000000e+03 4.393725891113281250e+02
2.493637695312500000e+03 2.213540039062500000e+03
2.497149414062500000e+03 2.227107666015625000e+03
2.497294677734375000e+03 1.127303466796875000e+03
2.499597900390625000e+03 1.095801757812500000e+03
2.500804443359375000e+03 1.334422973632812500e+03
2.505254638671875000e+03 7.656997070312500000e+02
2.510809814453125000e+03 4.552013549804687500e+02
2.511210205078125000e+03 1.202979125976562500e+03
2.511946289062500000e+03 1.221900756835937500e+03
2.513250732421875000e+03 1.247047851562500000e+03
2.515428710937500000e+03 3.114754943847656250e+02
2.515428710937500000e+03 3.114754943847656250e+02
2.516675781250000000e+03 9.737551879882812500e+02
2.519053222656250000e+03 7.668078002929687500e+02
2.520956054687500000e+03 1.943295898437500000e+03
2.521547119140625000e+03 7.491875610351562500e+02
2.521557373046875000e+03 5.120799560546875000e+02
2.524025390625000000e+03 1.919996704101562500e+03
2.524041259765625000e+03 7.726640014648437500e+02
2.526212158203125000e+03 4.335007934570312500e+02
2.526708496093750000e+03 1.049195678710937500e+03
2.527244628906250000e+03 3.996964111328125000e+02
2.527244628906250000e+03 3.996964111328125000e+02
2.528478515625000000e+03 1.948903320312500000e+03
2.528516601562500000e+03 1.435001342773437500e+03
2.528646728515625000e+03 1.213509033203125000e+03
2.530341308593750000e+03 2.216085449218750000e+03
2.533642822265625000e+03 9.887751464843750000e+02
2.533937255859375000e+03 1.249209838867187500e+03
2.535203857421875000e+03 9.886466674804687500e+02
2.535203857421875000e+03 9.886466674804687500e+02
2.538924560546875000e+03 9.297301635742187500e+02
2.539697265625000000e+03 1.189015991210937500e+03
2.541294921875000000e+03 3.599125671386718750e+02
2.541453857421875000e+03 9.017517089843750000e+02
2.543219482421875000e+03 1.189322265625000000e+03
2.544685302734375000e+03 1.183076538085937500e+03
2.544888427734375000e+03 2.374195404052734375e+02
2.545434814453125000e+03 1.309383789062500000e+03
2.545469726562500000e+03 4.281863098144531250e+02
2.547739257812500000e+03 3.017899475097656250e+02
2.548065185546875000e+03 1.794639282226562500e+03
2.553309570312500000e+03 1.394222900390625000e+03
2.554717529296875000e+03 7.535947265625000000e+02
2.560219726562500000e+03 1.232093017578125000e+03
2.560622314453125000e+03 3.289452209472656250e+02
2.560622314453125000e+03 3.289452209472656250e+02
2.565168212890625000e+03 1.259178955078125000e+03
2.565168212890625000e+03 1.259178955078125000e+03
2.567468750000000000e+03 1.995477050781250000e+03
2.570083984375000000e+03 1.473750488281250000e+03
2.570417724609375000e+03 1.388981933593750000e+03
2.572600830078125000e+03 2.209457763671875000e+03
2.575102294921875000e+03 1.197014648437500000e+03
2.576805419921875000e+03 1.019637145996093750e+03
2.578226562500000000e+03 1.049942626953125000e+03
2.580217773437500000e+03 2.655152893066406250e+02
2.585292236328125000e+03 1.234558471679687500e+03
2.585301757812500000e+03 2.150312500000000000e+03
2.586598632812500000e+03 1.375182250976562500e+03
2.588725585937500000e+03 1.163730957031250000e+03
2.592601806640625000e+03 5.837150878906250000e+02
2.599063476562500000e+03 9.566367797851562500e+02
2.601203857421875000e+03 1.959884643554687500e+03
2.603803222656250000e+03 1.387279785156250000e+03
2.605548828125000000e+03 1.055750122070312500e+03
2.605847900390625000e+03 1.351633178710937500e+03
2.614206787109375000e+03 1.040404174804687500e+03
2.614424804687500000e+03 1.407636840820312500e+03
2.615337402343750000e+03 8.265651855468750000e+02
2.618413085937500000e+03 1.445628051757812500e+03
2.624194580078125000e+03 1.327970947265625000e+03
2.624194580078125000e+03 1.327970947265625000e+03
2.625148681640625000e+03 1.139991821289062500e+03
2.629925048828125000e+03 6.457943115234375000e+02
2.630121093750000000e+03 1.059698364257812500e+03
2.630416503906250000e+03 9.980305175781250000e+02
2.630416503906250000e+03 9.980305175781250000e+02
2.630610107421875000e+03 1.414308837890625000e+03
2.631961669921875000e+03 2.215287109375000000e+03
2.632127197265625000e+03 1.981289794921875000e+03
2.632906982421875000e+03 1.533177734375000000e+03
2.633299804687500000e+03 7.105405883789062500e+02
2.635388427734375000e+03 1.784158813476562500e+03
2.635922607421875000e+03 1.414732055664062500e+03
2.637447509765625000e+03 2.083489746093750000e+03
2.638179931640625000e+03 1.942671752929687500e+03
2.638198486328125000e+03 1.295343505859375000e+03
2.638895751953125000e+03 8.775890502929687500e+02
2.643155517578125000e+03 3.764497375488281250e+02
2.644474609375000000e+03 1.066670898437500000e+03
2.646200927734375000e+03 2.078227050781250000e+03
2.647956054687500000e+03 4.777964172363281250e+02
2.648122802734375000e+03 1.395727416992187500e+03
2.652960205078125000e+03 1.888945678710937500e+03
2.658500244140625000e+03 1.069378906250000000e+03
2.658811767578125000e+03 7.270949096679687500e+02
2.660097167968750000e+03 1.023914001464843750e+03
2.660097167968750000e+03 1.023914001464843750e+03
2.663402343750000000e+03 1.534945800781250000e+03
2.664177246093750000e+03 1.886432373046875000e+03
2.666794189453125000e+03 1.201550537109375000e+03
2.669523193359375000e+03 2.085122802734375000e+03
2.674362060546875000e+03 1.623869873046875000e+03
2.676676269531250000e+03 7.926282348632812500e+02
2.676676269531250000e+03 7.926282348632812500e+02
2.679743896484375000e+03 2.221904296875000000e+03
2.681884765625000000e+03 6.342103881835937500e+02
2.685110107421875000e+03 2.004047119140625000e+03
2.685110107421875000e+03 2.004047119140625000e+03
2.685373046875000000e+03 1.422326416015625000e+03
2.685666259765625000e+03 5.005309143066406250e+02
2.686659912109375000e+03 1.506292602539062500e+03
2.690831542968750000e+03 1.911135620117187500e+03
2.696729980468750000e+03 7.379680175781250000e+02
2.697512939453125000e+03 7.419890136718750000e+02
2.698601562500000000e+03 1.974077270507812500e+03
2.698601562500000000e+03 1.974077270507812500e+03
2.698745849609375000e+03 5.270167236328125000e+02
2.699440673828125000e+03 5.649328002929687500e+02
2.705116455078125000e+03 1.135118286132812500e+03
2.707315917968750000e+03 7.343084716796875000e+02
2.707571777343750000e+03 1.492531250000000000e+03
2.707975585937500000e+03 1.508220458984375000e+03
2.711636230468750000e+03 1.934140869140625000e+03
2.713052001953125000e+03 1.736812377929687500e+03
2.714075683593750000e+03 1.336175048828125000e+03
2.716076416015625000e+03 1.386819458007812500e+02
2.716843505859375000e+03 1.097101074218750000e+03
2.716858886718750000e+03 7.464232177734375000e+02
2.717211425781250000e+03 5.849378051757812500e+02
2.718299804687500000e+03 1.393494384765625000e+03
2.718589599609375000e+03 1.729325683593750000e+03
2.720211425781250000e+03 7.133121948242187500e+02
2.720726806640625000e+03 1.420024047851562500e+03
2.720726806640625000e+03 1.420024047851562500e+03
2.720726806640625000e+03 1.420024047851562500e+03
2.722783203125000000e+03 1.991485717773437500e+03
2.725072509765625000e+03 1.699637695312500000e+03
2.731260253906250000e+03 7.577703247070312500e+02
2.732192138671875000e+03 7.174982299804687500e+02
2.735084228515625000e+03 1.419754394531250000e+03
2.735409667968750000e+03 1.974395751953125000e+03
2.737810302734375000e+03 7.820115356445312500e+02
2.739313964843750000e+03 1.953492675781250000e+03
2.742640869140625000e+03 6.990630493164062500e+02
2.744453369140625000e+03 1.659906616210937500e+03
2.751010009765625000e+03 5.524783325195312500e+02
2.752864501953125000e+03 1.654701904296875000e+03
2.753412353515625000e+03 1.412134033203125000e+03
2.754696044921875000e+03 5.669497680664062500e+02
2.754696044921875000e+03 5.669497680664062500e+02
2.755161621093750000e+03 6.675156250000000000e+02
2.769337402343750000e+03 5.784888916015625000e+02
2.770442138671875000e+03 5.702909545898437500e+02
2.771444824218750000e+03 1.844007568359375000e+03
2.772953613281250000e+03 5.604586181640625000e+02
2.774995849609375000e+03 8.185662231445312500e+02
2.778546875000000000e+03 1.934709838867187500e+03
2.784815917968750000e+03 1.166532348632812500e+03
2.785356201171875000e+03 8.174099121093750000e+02
2.788335937500000000e+03 5.745407714843750000e+02
2.790334228515625000e+03 1.428793701171875000e+03
2.790334228515625000e+03 1.428793701171875000e+03
2.792108154296875000e+03 4.556796264648437500e+02
2.800190429687500000e+03 1.390515014648437500e+03
2.803085205078125000e+03 1.222843750000000000e+03
2.804934326171875000e+03 1.382607421875000000e+03
2.807600341796875000e+03 8.535111694335937500e+02
2.807712890625000000e+03 1.811270263671875000e+03
2.811719238281250000e+03 4.526239624023437500e+02
2.811719238281250000e+03 4.526239624023437500e+02
2.812924560546875000e+03 5.582723388671875000e+02
2.817514892578125000e+03 1.393009155273437500e+03
2.822443115234375000e+03 7.669810485839843750e+01
2.834613037109375000e+03 1.411726226806640625e+02
2.838894531250000000e+03 5.598853149414062500e+02
2.839483154296875000e+03 3.665814819335937500e+02
2.843941894531250000e+03 1.759963256835937500e+03
2.846771240234375000e+03 1.201247436523437500e+03
2.848239257812500000e+03 5.540955200195312500e+02
2.848239257812500000e+03 5.540955200195312500e+02
2.851870849609375000e+03 3.999926147460937500e+02
2.853020996093750000e+03 1.637536254882812500e+03
2.857519775390625000e+03 1.729212402343750000e+03
2.857960205078125000e+03 5.280584106445312500e+02
2.859172851562500000e+03 2.226689941406250000e+03
2.859830078125000000e+03 7.277681274414062500e+02
2.861159423828125000e+03 1.599373168945312500e+03
2.861159423828125000e+03 1.599373168945312500e+03
2.864488769531250000e+03 8.782775878906250000e+02
2.867640136718750000e+03 9.211181640625000000e+02
2.868397460937500000e+03 3.853833312988281250e+02
2.868963867187500000e+03 3.289672546386718750e+02
2.870044921875000000e+03 1.305301055908203125e+02
2.874775634765625000e+03 5.442710571289062500e+02
2.880785156250000000e+03 1.563592651367187500e+03
2.881055175781250000e+03 6.991132812500000000e+02
2.881055175781250000e+03 6.991132812500000000e+02
2.882027343750000000e+03 2.154481933593750000e+03
2.882092773437500000e+03 1.600141479492187500e+03
2.885279541015625000e+03 1.353938598632812500e+03
2.885468017578125000e+03 7.333066406250000000e+02
2.885959472656250000e+03 2.227586669921875000e+03
2.888092041015625000e+03 4.672580566406250000e+02
2.888664794921875000e+03 1.436518432617187500e+03
2.888664794921875000e+03 1.436518432617187500e+03
2.888846191406250000e+03 1.089105834960937500e+03
2.893329101562500000e+03 2.197896240234375000e+03
2.894263183593750000e+03 8.987095336914062500e+02
2.900082275390625000e+03 1.667872192382812500e+03
2.903223388671875000e+03 4.839103698730468750e+02
2.904552246093750000e+03 1.594337402343750000e+03
2.908561279296875000e+03 1.713893798828125000e+03
2.914900146484375000e+03 2.237904541015625000e+03
2.914900146484375000e+03 2.237904541015625000e+03
2.916279296875000000e+03 4.641108703613281250e+02
2.916978515625000000e+03 9.401245727539062500e+02
2.920778076171875000e+03 1.317514526367187500e+03
2.923480224609375000e+03 2.173025390625000000e+03
2.924479736328125000e+03 1.112790649414062500e+03
2.927832275390625000e+03 2.192492187500000000e+03
2.935339355468750000e+03 4.411574401855468750e+02
2.938174072265625000e+03 1.608652709960937500e+03
2.938917236328125000e+03 5.712659912109375000e+02
2.939474365234375000e+03 1.758041137695312500e+03
2.940814208984375000e+03 1.103880004882812500e+03
2.951345947265625000e+03 1.099399169921875000e+03
2.954444091796875000e+03 1.640822509765625000e+03
2.958298583984375000e+03 1.104953002929687500e+03
2.959304687500000000e+03 1.501743774414062500e+03
2.959437255859375000e+03 4.372308349609375000e+02
2.963614501953125000e+03 1.468337036132812500e+03
2.965540771484375000e+03 2.105891357421875000e+03
2.966942382812500000e+03 8.820709228515625000e+02
2.978282958984375000e+03 2.055198242187500000e+03
2.979776123046875000e+03 2.100297119140625000e+03
2.982675048828125000e+03 4.168044738769531250e+02
2.985040039062500000e+03 1.559358398437500000e+03
2.985719726562500000e+03 3.560980529785156250e+02
2.986119873046875000e+03 2.071297119140625000e+03
2.987118652343750000e+03 2.099701904296875000e+03
2.988754394531250000e+03 2.041535156250000000e+03
2.989291259765625000e+03 2.105168701171875000e+03
2.989919433593750000e+03 2.156009765625000000e+03
2.990242919921875000e+03 1.167795043945312500e+03
2.996794433593750000e+03 2.171915283203125000e+03
2.997916748046875000e+03 2.197193603515625000e+03
2.999389648437500000e+03 2.119720458984375000e+03
3.001932617187500000e+03 4.572135009765625000e+02
3.003028564453125000e+03 4.736781311035156250e+02
3.005432861328125000e+03 2.145902832031250000e+03
3.006037109375000000e+03 2.063691650390625000e+03
3.008783691406250000e+03 2.105190185546875000e+03
3.011655761718750000e+03 7.757751464843750000e+02
3.011802246093750000e+03 3.429233703613281250e+02
3.016145507812500000e+03 1.479631347656250000e+03
3.016166992187500000e+03 2.201592529296875000e+03
3.018986083984375000e+03 1.570105957031250000e+03
3.023563720703125000e+03 2.023161010742187500e+03
3.027602783203125000e+03 1.009260864257812500e+03
3.038239746093750000e+03 6.435683593750000000e+02
3.040958984375000000e+03 2.217787353515625000e+03
3.041338623046875000e+03 2.050880371093750000e+03
3.041856445312500000e+03 2.186491210937500000e+03
3.042927246093750000e+03 1.066755004882812500e+03
3.045742675781250000e+03 6.726085815429687500e+02
3.048614990234375000e+03 2.192422851562500000e+03
3.068235351562500000e+03 3.319298095703125000e+02
3.072146972656250000e+03 1.064449462890625000e+03
3.073203369140625000e+03 1.020730163574218750e+03
3.078180419921875000e+03 2.234150390625000000e+03
3.078180419921875000e+03 2.234150390625000000e+03
3.092111083984375000e+03 2.219200927734375000e+03
3.092127441406250000e+03 1.284272583007812500e+03
3.098195312500000000e+03 9.228722534179687500e+02
3.101248535156250000e+03 8.435272827148437500e+02
3.102508300781250000e+03 1.434848388671875000e+03
3.104347900390625000e+03 7.520435180664062500e+02
3.113869873046875000e+03 1.783941406250000000e+03
3.121990722656250000e+03 5.580548095703125000e+02
3.122151611328125000e+03 1.793255737304687500e+03
3.125260742187500000e+03 9.490147705078125000e+02
3.125863037109375000e+03 4.799779663085937500e+02
3.126027587890625000e+03 8.887410888671875000e+02
3.127341308593750000e+03 2.048670166015625000e+03
3.128083251953125000e+03 7.656183471679687500e+02
3.130705078125000000e+03 3.874675292968750000e+02
3.131851562500000000e+03 2.811613464355468750e+02
3.131851562500000000e+03 2.811613464355468750e+02
3.132089843750000000e+03 3.184432373046875000e+02
3.135229248046875000e+03 1.829597778320312500e+03
3.135284179687500000e+03 7.900556030273437500e+02
3.135284179687500000e+03 7.900556030273437500e+02
3.135346191406250000e+03 1.776303588867187500e+03
3.138231689453125000e+03 2.236952148437500000e+03
3.140559814453125000e+03 2.000255371093750000e+03
3.140559814453125000e+03 2.000255371093750000e+03
3.144217529296875000e+03 1.101213134765625000e+03
3.146288818359375000e+03 2.240249755859375000e+03
3.153226318359375000e+03 8.981603393554687500e+02
3.153887451171875000e+03 9.104888916015625000e+02
3.155075927734375000e+03 3.592650146484375000e+02
3.155210205078125000e+03 1.112089111328125000e+03
3.164943115234375000e+03 4.499211730957031250e+02
3.168335937500000000e+03 7.212376708984375000e+02
3.168335937500000000e+03 7.212376708984375000e+02
3.171263671875000000e+03 7.114133911132812500e+02
3.174761230468750000e+03 8.473142089843750000e+02
3.176729248046875000e+03 1.872340698242187500e+03
3.182233398437500000e+03 1.031067871093750000e+03
3.184088623046875000e+03 1.948690917968750000e+03
3.187502441406250000e+03 1.022527465820312500e+03
3.190053222656250000e+03 1.944112915039062500e+03
3.193994384765625000e+03 1.884523681640625000e+03
3.199205810546875000e+03 3.588108520507812500e+02
3.203328125000000000e+03 2.595579833984375000e+02
3.204988769531250000e+03 8.372987060546875000e+02
3.205933837890625000e+03 6.844631958007812500e+02
3.206699462890625000e+03 2.073417724609375000e+03
3.206699462890625000e+03 2.073417724609375000e+03
3.209881347656250000e+03 2.561416320800781250e+02
3.210697998046875000e+03 3.367608947753906250e+02
3.210992919921875000e+03 2.254201171875000000e+03
3.215679687500000000e+03 2.471272125244140625e+02
3.220276611328125000e+03 3.401895446777343750e+02
3.224275878906250000e+03 3.327894592285156250e+02
3.224275878906250000e+03 3.327894592285156250e+02
3.226011474609375000e+03 4.335691833496093750e+02
3.229336425781250000e+03 4.262476501464843750e+02
3.229336425781250000e+03 4.262476501464843750e+02
3.231132568359375000e+03 4.180598144531250000e+02
3.231911376953125000e+03 1.495508544921875000e+03
3.233686767578125000e+03 4.366313781738281250e+02
3.234339355468750000e+03 2.029593627929687500e+03
3.235270996093750000e+03 8.130429687500000000e+02
3.235856445312500000e+03 4.618656005859375000e+02
3.236208984375000000e+03 4.228050842285156250e+02
3.236731201171875000e+03 6.063101196289062500e+02
3.237281250000000000e+03 5.894980468750000000e+02
3.237923583984375000e+03 6.315084228515625000e+02
3.238010498046875000e+03 2.222671142578125000e+03
3.238531494140625000e+03 5.064848632812500000e+02
3.239821044921875000e+03 4.311111145019531250e+02
3.240042724609375000e+03 5.530676269531250000e+02
3.240315429687500000e+03 6.823059692382812500e+02
3.243674316406250000e+03 5.865996704101562500e+02
3.249272216796875000e+03 5.159342651367187500e+02
3.253116455078125000e+03 4.875870361328125000e+02
3.253444580078125000e+03 4.079253845214843750e+02
3.255971923828125000e+03 5.474960937500000000e+02
3.262901123046875000e+03 1.740557739257812500e+03
3.272484863281250000e+03 1.903777587890625000e+03
3.273465820312500000e+03 1.989282104492187500e+03
3.284116699218750000e+03 2.211179199218750000e+03
3.286161621093750000e+03 2.217346923828125000e+03
3.286161621093750000e+03 2.217346923828125000e+03
3.290207519531250000e+03 1.271050048828125000e+03
3.290207519531250000e+03 1.271050048828125000e+03
3.294044189453125000e+03 2.246931640625000000e+03
3.295377685546875000e+03 1.246031616210937500e+03
3.295377685546875000e+03 1.246031616210937500e+03
3.295927490234375000e+03 1.607765869140625000e+03
3.300385009765625000e+03 2.210821533203125000e+03
3.304032714843750000e+03 2.215095947265625000e+03
3.305039550781250000e+03 2.220784667968750000e+03
3.306463623046875000e+03 2.044328613281250000e+03
3.307188964843750000e+03 2.187149658203125000e+03
3.307193847656250000e+03 2.227815917968750000e+03
3.308375244140625000e+03 1.998516540527343750e+02
3.309711425781250000e+03 2.213534912109375000e+03
3.315064453125000000e+03 2.220810302734375000e+03
3.315083496093750000e+03 1.737274291992187500e+03
3.318478515625000000e+03 1.208694335937500000e+03
3.321129882812500000e+03 2.213088134765625000e+03
3.328161132812500000e+03 2.197720947265625000e+03
3.329444335937500000e+03 1.915185424804687500e+03
3.335028564453125000e+03 2.076946289062500000e+03
3.343351562500000000e+03 1.945849914550781250e+02
3.343603515625000000e+03 1.715509887695312500e+03
3.347201416015625000e+03 2.232897949218750000e+03
3.351740478515625000e+03 1.716629272460937500e+03
3.353406494140625000e+03 2.255621582031250000e+03
3.354352539062500000e+03 2.234095703125000000e+03
3.357093017578125000e+03 3.051911010742187500e+02
3.359177978515625000e+03 1.419439849853515625e+02
3.361499511718750000e+03 3.019994201660156250e+02
3.361945068359375000e+03 2.187055175781250000e+03
3.361945068359375000e+03 2.187055175781250000e+03
3.362399658203125000e+03 2.206994384765625000e+03
3.364843017578125000e+03 1.705394287109375000e+03
3.365870361328125000e+03 2.238897460937500000e+03
3.366178955078125000e+03 2.931867065429687500e+02
3.366806396484375000e+03 3.003267517089843750e+02
3.367418212890625000e+03 1.712162780761718750e+02
3.368703857421875000e+03 2.213068115234375000e+03
3.369406494140625000e+03 7.359241943359375000e+02
3.370597167968750000e+03 2.201080322265625000e+03
3.371682617187500000e+03 7.174822387695312500e+02
3.374900878906250000e+03 2.219696533203125000e+03
3.375040771484375000e+03 2.204910888671875000e+03
3.375040771484375000e+03 2.204910888671875000e+03
3.375529785156250000e+03 2.198026367187500000e+03
3.378550048828125000e+03 1.997770141601562500e+03
3.379097167968750000e+03 7.123087768554687500e+02
3.380948242187500000e+03 1.718266357421875000e+03
3.381772949218750000e+03 2.164840820312500000e+03
3.382325683593750000e+03 2.216314208984375000e+03
3.383038574218750000e+03 2.209020507812500000e+03
3.385166015625000000e+03 2.244853515625000000e+03
3.385166015625000000e+03 2.244853515625000000e+03
3.386725341796875000e+03 2.158483398437500000e+03
3.389129394531250000e+03 2.208725097656250000e+03
3.389129394531250000e+03 2.208725097656250000e+03
3.389129394531250000e+03 2.208725097656250000e+03
3.389168945312500000e+03 6.730426635742187500e+02
3.391071533203125000e+03 6.659389648437500000e+02
3.392120605468750000e+03 6.698014526367187500e+02
3.392218750000000000e+03 6.489829101562500000e+02
3.392291748046875000e+03 6.754010009765625000e+02
3.394552490234375000e+03 6.409406127929687500e+02
3.394989013671875000e+03 9.255043334960937500e+02
3.395873535156250000e+03 4.894581604003906250e+02
3.398192626953125000e+03 6.679298706054687500e+02
3.400162597656250000e+03 1.051529907226562500e+03
3.407624023437500000e+03 9.415540771484375000e+02
3.408459472656250000e+03 1.718845458984375000e+03
3.408813476562500000e+03 2.174466552734375000e+03
3.409395019531250000e+03 2.194173828125000000e+03
3.413245849609375000e+03 2.234545898437500000e+03
3.413972900390625000e+03 2.165982666015625000e+03
3.414108398437500000e+03 2.184201660156250000e+03
3.416836669921875000e+03 9.971824340820312500e+02
3.419308837890625000e+03 2.160464111328125000e+03
3.419314208984375000e+03 2.198100585937500000e+03
3.419684814453125000e+03 2.185974365234375000e+03
3.420322265625000000e+03 2.170381591796875000e+03
3.422665039062500000e+03 2.181045654296875000e+03
3.422708740234375000e+03 2.163326416015625000e+03
3.423091552734375000e+03 1.716629150390625000e+03
3.423310058593750000e+03 2.151202148437500000e+03
3.424188720703125000e+03 8.474490356445312500e+02
3.424213623046875000e+03 2.171044677734375000e+03
3.425882812500000000e+03 7.777016601562500000e+02
3.425882812500000000e+03 7.777016601562500000e+02
3.428617187500000000e+03 7.738508300781250000e+02
3.428617187500000000e+03 7.738508300781250000e+02
3.428938232421875000e+03 2.159633056640625000e+03
3.432348876953125000e+03 1.130106445312500000e+03
3.433776611328125000e+03 2.144728515625000000e+03
3.440218017578125000e+03 2.153786621093750000e+03
3.440775878906250000e+03 2.160953857421875000e+03
3.441050781250000000e+03 1.123194702148437500e+03
3.442649169921875000e+03 3.542999267578125000e+02
3.442993164062500000e+03 7.871246948242187500e+02
3.443211669921875000e+03 7.790003662109375000e+02
3.444095703125000000e+03 7.745202636718750000e+02
3.444095703125000000e+03 7.745202636718750000e+02
3.445809326171875000e+03 4.054275817871093750e+02
3.445986328125000000e+03 2.157663574218750000e+03
3.449141357421875000e+03 7.670922851562500000e+02
3.451414306640625000e+03 7.796944580078125000e+02
3.455635986328125000e+03 1.711355957031250000e+03
3.457298339843750000e+03 1.311442871093750000e+02
3.462613281250000000e+03 7.799732055664062500e+02
3.463516845703125000e+03 9.868801269531250000e+02
3.464979003906250000e+03 1.027703491210937500e+03
3.474695556640625000e+03 1.064438232421875000e+03
3.478756591796875000e+03 1.099197753906250000e+03
3.479824462890625000e+03 7.867095947265625000e+02
3.486652587890625000e+03 8.192767944335937500e+02
3.492162841796875000e+03 1.009354858398437500e+03
3.492162841796875000e+03 1.009354858398437500e+03
3.494034912109375000e+03 9.795510864257812500e+02
3.494169433593750000e+03 1.014488952636718750e+03
3.495314453125000000e+03 8.290233154296875000e+02
3.502220214843750000e+03 1.699779052734375000e+03
3.503113037109375000e+03 1.794588745117187500e+03
3.503113037109375000e+03 1.794588745117187500e+03
3.504136230468750000e+03 7.653775024414062500e+02
3.510630126953125000e+03 1.106768310546875000e+03
3.510630126953125000e+03 1.106768310546875000e+03
3.517284179687500000e+03 1.727076171875000000e+03
3.523705078125000000e+03 9.633756713867187500e+02
3.523705078125000000e+03 9.633756713867187500e+02
3.524161132812500000e+03 5.202405395507812500e+02
3.524972167968750000e+03 5.247224731445312500e+02
3.526838867187500000e+03 9.566808471679687500e+02
3.526838867187500000e+03 9.566808471679687500e+02
3.534909912109375000e+03 5.054772338867187500e+02
3.535610595703125000e+03 2.348121643066406250e+02
3.536674560546875000e+03 5.138739624023437500e+02
3.537913574218750000e+03 9.882067871093750000e+02
3.538346435546875000e+03 9.833513793945312500e+02
3.539777832031250000e+03 9.580452270507812500e+02
3.545600341796875000e+03 2.245281677246093750e+02
3.549309814453125000e+03 9.740756225585937500e+02
3.550400390625000000e+03 1.720902832031250000e+03
3.550858886718750000e+03 2.293979339599609375e+02
3.583182861328125000e+03 1.009260498046875000e+03
3.586666503906250000e+03 6.398446655273437500e+02
3.592570068359375000e+03 6.258541870117187500e+02
3.592570068359375000e+03 6.258541870117187500e+02
3.606091308593750000e+03 8.338748168945312500e+02
3.622585205078125000e+03 9.273624877929687500e+02
3.631827392578125000e+03 6.212704467773437500e+02
3.664400390625000000e+03 9.746540527343750000e+02
3.670991210937500000e+03 1.676973754882812500e+03
3.678157958984375000e+03 1.700640014648437500e+03
3.685657958984375000e+03 1.026426391601562500e+03
3.697965576171875000e+03 1.051206298828125000e+03
3.708618408203125000e+03 1.051636108398437500e+03
3.708618408203125000e+03 1.051636108398437500e+03
3.724287841796875000e+03 1.063206420898437500e+03
3.724287841796875000e+03 1.063206420898437500e+03
3.727822021484375000e+03 1.688561889648437500e+03
3.730995605468750000e+03 7.728862304687500000e+02
3.733843994140625000e+03 1.142380599975585938e+02
3.738634277343750000e+03 1.689620483398437500e+03
3.738907958984375000e+03 9.294189453125000000e+02
3.738907958984375000e+03 9.294189453125000000e+02
3.741706787109375000e+03 7.559633789062500000e+02
3.741706787109375000e+03 7.559633789062500000e+02
3.742606445312500000e+03 1.701412841796875000e+03
3.745549072265625000e+03 9.343878173828125000e+02
3.746601318359375000e+03 9.121837158203125000e+02
3.748067871093750000e+03 1.097872314453125000e+03
3.755545410156250000e+03 1.095325683593750000e+03
3.755834472656250000e+03 7.706642456054687500e+02
3.758100585937500000e+03 9.414091796875000000e+02
3.759569824218750000e+03 9.641012573242187500e+02
3.760844482421875000e+03 8.092307128906250000e+02
3.773195068359375000e+03 7.488781738281250000e+02
3.775586914062500000e+03 9.829800415039062500e+02
3.778168212890625000e+03 9.502121582031250000e+02
3.779643066406250000e+03 9.757850952148437500e+02
3.779643066406250000e+03 9.757850952148437500e+02
3.779643066406250000e+03 9.757850952148437500e+02
3.784890625000000000e+03 9.642033691406250000e+02
3.787601562500000000e+03 6.650935668945312500e+02
3.790726318359375000e+03 9.115776367187500000e+02
3.790845214843750000e+03 6.752900390625000000e+02
3.795035400390625000e+03 9.163736572265625000e+02
3.800120117187500000e+03 1.062109008789062500e+03
3.803730957031250000e+03 9.091080322265625000e+02
3.815198242187500000e+03 9.261917114257812500e+02
3.818754638671875000e+03 1.007870544433593750e+03
