1.494128265380859375e+02 2.046049438476562500e+03
1.494128265380859375e+02 2.046049438476562500e+03
1.515948181152343750e+02 2.153254150390625000e+03
1.515948181152343750e+02 2.153254150390625000e+03
1.620276794433593750e+02 2.190491943359375000e+03
2.017474212646484375e+02 2.189568603515625000e+03
3.868276062011718750e+02 1.852906127929687500e+03
7.199188842773437500e+02 1.967683959960937500e+03
7.603729248046875000e+02 2.024707641601562500e+03
8.180492553710937500e+02 1.958902221679687500e+03
8.552553710937500000e+02 1.528052612304687500e+03
8.552553710937500000e+02 1.528052612304687500e+03
8.620245971679687500e+02 1.715908569335937500e+03
9.263482666015625000e+02 1.606706298828125000e+03
9.274038085937500000e+02 2.147707763671875000e+03
9.405885620117187500e+02 1.611701049804687500e+03
9.407615356445312500e+02 2.070213378906250000e+03
9.445937500000000000e+02 1.594901123046875000e+03
9.634196166992187500e+02 1.581883056640625000e+03
9.890808715820312500e+02 1.512907836914062500e+03
9.993827514648437500e+02 1.446700317382812500e+03
1.007770141601562500e+03 2.082682617187500000e+03
1.019031677246093750e+03 1.974155883789062500e+03
1.025361450195312500e+03 2.168742187500000000e+03
1.075954711914062500e+03 2.037769897460937500e+03
1.085711181640625000e+03 1.795084228515625000e+03
1.101256225585937500e+03 2.022383178710937500e+03
1.101256225585937500e+03 2.022383178710937500e+03
1.118803100585937500e+03 2.152444824218750000e+03
1.124625122070312500e+03 2.118548583984375000e+03
1.138996948242187500e+03 2.149912597656250000e+03
1.154822631835937500e+03 1.916794311523437500e+03
1.154822631835937500e+03 1.916794311523437500e+03
1.164099243164062500e+03 1.713101928710937500e+03
1.164099243164062500e+03 1.713101928710937500e+03
1.181795532226562500e+03 2.137963867187500000e+03
1.191376464843750000e+03 1.820800659179687500e+03
1.191471069335937500e+03 1.485972656250000000e+03
1.241628540039062500e+03 1.863317993164062500e+03
1.261157958984375000e+03 1.610124145507812500e+03
1.296428100585937500e+03 1.477069213867187500e+03
1.303183471679687500e+03 2.055856201171875000e+03
1.312095458984375000e+03 1.251531127929687500e+03
1.314097534179687500e+03 1.120391601562500000e+03
1.320343017578125000e+03 1.587491088867187500e+03
1.329442749023437500e+03 1.479825195312500000e+03
1.334281127929687500e+03 2.029172851562500000e+03
1.334704467773437500e+03 1.465241577148437500e+03
1.342319580078125000e+03 1.660622680664062500e+03
1.342319580078125000e+03 1.660622680664062500e+03
1.355873413085937500e+03 1.887499267578125000e+03
1.383417846679687500e+03 1.366162963867187500e+03
1.385131103515625000e+03 1.087165893554687500e+03
1.387632690429687500e+03 1.348959838867187500e+03
1.405608764648437500e+03 2.027237548828125000e+03
1.405608764648437500e+03 2.027237548828125000e+03
1.405608764648437500e+03 2.027237548828125000e+03
1.417421508789062500e+03 1.681567260742187500e+03
1.430393432617187500e+03 1.910299438476562500e+03
1.439932739257812500e+03 9.883458862304687500e+02
1.441363891601562500e+03 1.245005249023437500e+03
1.459022338867187500e+03 1.731781616210937500e+03
1.459046630859375000e+03 9.727356567382812500e+02
1.465787719726562500e+03 1.283763305664062500e+03
1.466164184570312500e+03 1.028883666992187500e+03
1.471775268554687500e+03 1.447672973632812500e+03
1.479137084960937500e+03 1.267058471679687500e+03
1.485132934570312500e+03 9.086892700195312500e+02
1.517965209960937500e+03 1.934750976562500000e+03
1.520077636718750000e+03 1.251500854492187500e+03
1.528982788085937500e+03 2.004511108398437500e+03
1.529765014648437500e+03 1.534153198242187500e+03
1.532855834960937500e+03 2.054233154296875000e+03
1.542816772460937500e+03 9.247865600585937500e+02
1.552390014648437500e+03 1.601515014648437500e+03
1.555399658203125000e+03 1.075683959960937500e+03
1.559137573242187500e+03 1.395771240234375000e+03
1.571759765625000000e+03 1.452234008789062500e+03
1.571862182617187500e+03 1.534113525390625000e+03
1.571862182617187500e+03 1.534113525390625000e+03
1.572328979492187500e+03 1.325864501953125000e+03
1.575839721679687500e+03 1.420736083984375000e+03
1.575839721679687500e+03 1.420736083984375000e+03
1.577071166992187500e+03 1.925339843750000000e+03
1.579261108398437500e+03 1.696197631835937500e+03
1.584975219726562500e+03 1.636240722656250000e+03
1.585077514648437500e+03 2.030444702148437500e+03
1.587315063476562500e+03 1.755192260742187500e+03
1.587903442382812500e+03 9.030683593750000000e+02
1.596649291992187500e+03 1.907902343750000000e+03
1.598768798828125000e+03 2.005385742187500000e+03
1.600211303710937500e+03 2.132350341796875000e+03
1.605114746093750000e+03 1.433678710937500000e+03
1.606534545898437500e+03 8.457744140625000000e+02
1.609298950195312500e+03 1.792336791992187500e+03
1.611652221679687500e+03 2.160112060546875000e+03
1.612648437500000000e+03 1.069083007812500000e+03
1.613268554687500000e+03 1.699080322265625000e+03
1.619098999023437500e+03 1.461642944335937500e+03
1.622254638671875000e+03 1.978003295898437500e+03
1.622415771484375000e+03 1.596533325195312500e+03
1.622838745117187500e+03 1.247138305664062500e+03
1.628045288085937500e+03 8.361796264648437500e+02
1.632293579101562500e+03 1.205014038085937500e+03
1.633350463867187500e+03 1.120647094726562500e+03
1.635211791992187500e+03 1.799511108398437500e+03
1.642572631835937500e+03 1.060131347656250000e+03
1.646702148437500000e+03 1.586656494140625000e+03
1.650351806640625000e+03 1.315780395507812500e+03
1.653205932617187500e+03 1.210770874023437500e+03
1.669148437500000000e+03 2.104353027343750000e+03
1.673742065429687500e+03 1.306950561523437500e+03
1.674650024414062500e+03 1.780146728515625000e+03
1.681583984375000000e+03 2.069982666015625000e+03
1.681666992187500000e+03 1.676002319335937500e+03
1.683100952148437500e+03 2.160181396484375000e+03
1.696238525390625000e+03 2.035182617187500000e+03
1.701390502929687500e+03 2.092428955078125000e+03
1.701969604492187500e+03 2.168135253906250000e+03
1.704953735351562500e+03 2.055734619140625000e+03
1.704953735351562500e+03 2.055734619140625000e+03
1.711420166015625000e+03 1.232861572265625000e+03
1.711877319335937500e+03 1.743323242187500000e+03
1.712427001953125000e+03 1.503758666992187500e+03
1.713524658203125000e+03 1.689576171875000000e+03
1.714082397460937500e+03 1.389590209960937500e+03
1.715678710937500000e+03 2.088560058593750000e+03
1.718802978515625000e+03 1.399285644531250000e+03
1.722236938476562500e+03 1.431161987304687500e+03
1.723262084960937500e+03 8.977047119140625000e+02
1.725377807617187500e+03 1.485208251953125000e+03
1.729384033203125000e+03 1.413436279296875000e+03
1.732137084960937500e+03 7.988084106445312500e+02
1.735217773437500000e+03 1.596380004882812500e+03
1.735409057617187500e+03 9.257484741210937500e+02
1.738134643554687500e+03 2.121435302734375000e+03
1.742419555664062500e+03 1.408172851562500000e+03
1.742606689453125000e+03 1.318649291992187500e+03
1.745234375000000000e+03 1.613557617187500000e+03
1.745234375000000000e+03 1.613557617187500000e+03
1.747238159179687500e+03 1.732390991210937500e+03
1.747238159179687500e+03 1.732390991210937500e+03
1.748480102539062500e+03 2.073626220703125000e+03
1.756266967773437500e+03 1.321914306640625000e+03
1.760720092773437500e+03 1.602417602539062500e+03
1.761545288085937500e+03 2.001735961914062500e+03
1.761751342773437500e+03 2.040693359375000000e+03
1.765471069335937500e+03 1.317614746093750000e+03
1.765471069335937500e+03 1.317614746093750000e+03
1.771948608398437500e+03 1.340987548828125000e+03
1.779213867187500000e+03 1.356795288085937500e+03
1.779864501953125000e+03 1.377533447265625000e+03
1.782434448242187500e+03 1.463940917968750000e+03
1.783197509765625000e+03 1.744133056640625000e+03
1.802539306640625000e+03 9.532160034179687500e+02
1.802539306640625000e+03 9.532160034179687500e+02
1.803862915039062500e+03 6.337120971679687500e+02
1.804888671875000000e+03 1.984858032226562500e+03
1.810989868164062500e+03 1.787930297851562500e+03
1.810989868164062500e+03 1.787930297851562500e+03
1.811514038085937500e+03 6.055062255859375000e+02
1.816275756835937500e+03 1.686584594726562500e+03
1.816352172851562500e+03 2.043411499023437500e+03
1.816457397460937500e+03 1.015458923339843750e+03
1.832606811523437500e+03 9.772202148437500000e+02
1.836657470703125000e+03 1.691579101562500000e+03
1.839065307617187500e+03 1.203500976562500000e+03
1.842199829101562500e+03 1.098289550781250000e+03
1.842976196289062500e+03 1.022552185058593750e+03
1.855701538085937500e+03 1.822321533203125000e+03
1.859831909179687500e+03 1.477723999023437500e+03
1.860522705078125000e+03 1.909060424804687500e+03
1.860784790039062500e+03 1.350871948242187500e+03
1.861738647460937500e+03 8.381132202148437500e+02
1.867607666015625000e+03 9.922449340820312500e+02
1.870482055664062500e+03 7.765253295898437500e+02
1.871127929687500000e+03 2.086187011718750000e+03
1.877940673828125000e+03 1.208906127929687500e+03
1.882030273437500000e+03 2.109705810546875000e+03
1.882030273437500000e+03 2.109705810546875000e+03
1.882849487304687500e+03 9.824242553710937500e+02
1.885580078125000000e+03 1.886274291992187500e+03
1.886133178710937500e+03 7.872350463867187500e+02
1.890111572265625000e+03 5.588648681640625000e+02
1.895227416992187500e+03 1.382452392578125000e+03
1.898180053710937500e+03 8.015175170898437500e+02
1.898718750000000000e+03 1.194218017578125000e+03
1.898718750000000000e+03 1.194218017578125000e+03
1.904516479492187500e+03 6.233580932617187500e+02
1.907368164062500000e+03 1.266008300781250000e+03
1.907368164062500000e+03 1.266008300781250000e+03
1.907445678710937500e+03 5.724240112304687500e+02
1.910105102539062500e+03 8.534971923828125000e+02
1.911587768554687500e+03 8.223966674804687500e+02
1.911688842773437500e+03 1.396934204101562500e+03
1.917019775390625000e+03 5.747614135742187500e+02
1.923258789062500000e+03 9.075390014648437500e+02
1.926107299804687500e+03 6.793800659179687500e+02
1.926931884765625000e+03 8.988077392578125000e+02
1.926931884765625000e+03 8.988077392578125000e+02
1.927009765625000000e+03 9.387603759765625000e+02
1.927224975585937500e+03 2.092126220703125000e+03
1.928299682617187500e+03 1.458155883789062500e+03
1.930535522460937500e+03 1.495253906250000000e+03
1.937895141601562500e+03 8.856329956054687500e+02
1.938842163085937500e+03 5.152841796875000000e+02
1.955254760742187500e+03 9.316614379882812500e+02
1.955688720703125000e+03 1.647437377929687500e+03
1.958118774414062500e+03 8.886364135742187500e+02
1.959019165039062500e+03 1.418576538085937500e+03
1.959019165039062500e+03 1.418576538085937500e+03
1.961177001953125000e+03 1.861543334960937500e+03
1.962103149414062500e+03 1.092520263671875000e+03
1.962814453125000000e+03 9.361324462890625000e+02
1.963003906250000000e+03 5.427413940429687500e+02
1.963928344726562500e+03 1.818231079101562500e+03
1.966483032226562500e+03 6.646721801757812500e+02
1.966483032226562500e+03 6.646721801757812500e+02
1.970628295898437500e+03 1.751193725585937500e+03
1.973514892578125000e+03 6.720472412109375000e+02
1.978153198242187500e+03 1.045034912109375000e+03
1.978642578125000000e+03 1.362505737304687500e+03
1.981019897460937500e+03 1.373367797851562500e+03
1.987093627929687500e+03 9.685560913085937500e+02
1.987093627929687500e+03 9.685560913085937500e+02
1.989304077148437500e+03 2.075068115234375000e+03
1.990782470703125000e+03 1.049965698242187500e+03
1.990930297851562500e+03 1.412372802734375000e+03
1.992167236328125000e+03 1.438507202148437500e+03
1.995679687500000000e+03 5.291821899414062500e+02
1.996530517578125000e+03 9.640987548828125000e+02
2.001232666015625000e+03 1.373130737304687500e+03
2.001328002929687500e+03 1.358908203125000000e+03
2.001377319335937500e+03 9.573773803710937500e+02
2.002617065429687500e+03 1.935352905273437500e+03
2.007525268554687500e+03 6.573297729492187500e+02
2.009652343750000000e+03 1.024692749023437500e+03
2.011034179687500000e+03 5.254833984375000000e+02
2.012959350585937500e+03 1.724768554687500000e+03
2.014469360351562500e+03 1.162568603515625000e+03
2.018213134765625000e+03 6.174890747070312500e+02
2.024075439453125000e+03 1.020367980957031250e+03
2.026300781250000000e+03 1.194751464843750000e+03
2.027086303710937500e+03 1.718132202148437500e+03
2.028588134765625000e+03 1.489832519531250000e+03
2.032162475585937500e+03 1.728064819335937500e+03
2.037246093750000000e+03 1.933635375976562500e+03
2.038472534179687500e+03 1.461184692382812500e+03
2.043884399414062500e+03 1.577703735351562500e+03
2.045704101562500000e+03 1.497848144531250000e+03
2.052545898437500000e+03 5.756390380859375000e+02
2.055565673828125000e+03 1.469994995117187500e+03
2.063469238281250000e+03 1.607432250976562500e+03
2.064362060546875000e+03 1.907888671875000000e+03
2.067617919921875000e+03 9.396608276367187500e+02
2.071404052734375000e+03 1.342807006835937500e+03
2.075110107421875000e+03 5.883573608398437500e+02
2.084118164062500000e+03 1.595495239257812500e+03
2.084586669921875000e+03 1.332359130859375000e+03
2.087128662109375000e+03 1.554663574218750000e+03
2.090365478515625000e+03 1.220697509765625000e+03
2.094174560546875000e+03 7.107913208007812500e+02
2.094174560546875000e+03 7.107913208007812500e+02
2.096213867187500000e+03 6.079166870117187500e+02
2.099585693359375000e+03 1.399090454101562500e+03
2.100161865234375000e+03 1.301424560546875000e+03
2.100826660156250000e+03 8.191217651367187500e+02
2.101757324218750000e+03 6.613552856445312500e+02
2.108451660156250000e+03 3.826114196777343750e+02
2.110094482421875000e+03 9.292816772460937500e+02
2.111875244140625000e+03 1.641457275390625000e+03
2.116972900390625000e+03 1.307886718750000000e+03
2.116972900390625000e+03 1.307886718750000000e+03
2.125958740234375000e+03 1.561119995117187500e+03
2.132566162109375000e+03 1.625945190429687500e+03
2.136121337890625000e+03 1.512292846679687500e+03
2.136552734375000000e+03 1.582933105468750000e+03
2.138624755859375000e+03 7.908269042968750000e+02
2.139560302734375000e+03 1.540718627929687500e+03
2.141805908203125000e+03 1.899673217773437500e+03
2.143728515625000000e+03 3.898338317871093750e+02
2.143728515625000000e+03 3.898338317871093750e+02
2.147452880859375000e+03 1.595169189453125000e+03
2.149805175781250000e+03 1.686855346679687500e+03
2.150525146484375000e+03 6.924469604492187500e+02
2.151853759765625000e+03 1.363489990234375000e+03
2.155257080078125000e+03 8.176192626953125000e+02
2.156782958984375000e+03 1.806254516601562500e+03
2.158537353515625000e+03 2.125906982421875000e+03
2.158881591796875000e+03 1.734328735351562500e+03
2.161876708984375000e+03 1.695592407226562500e+03
2.165144287109375000e+03 6.538768920898437500e+02
2.169438476562500000e+03 7.685377807617187500e+02
2.173689208984375000e+03 2.099791748046875000e+03
2.176344482421875000e+03 1.397715820312500000e+03
2.178453857421875000e+03 8.861973876953125000e+02
2.179732910156250000e+03 2.073848144531250000e+03
2.181791748046875000e+03 4.421826171875000000e+02
2.181945800781250000e+03 1.097717651367187500e+03
2.186091796875000000e+03 2.094464599609375000e+03
2.194249755859375000e+03 7.425482788085937500e+02
2.205898193359375000e+03 1.744535400390625000e+03
2.207826904296875000e+03 2.029276733398437500e+03
2.209021240234375000e+03 1.454807739257812500e+03
2.210031005859375000e+03 1.288663940429687500e+03
2.210652343750000000e+03 1.592913208007812500e+03
2.210652343750000000e+03 1.592913208007812500e+03
2.212763427734375000e+03 9.451640014648437500e+02
2.215931640625000000e+03 4.850340270996093750e+02
2.215931640625000000e+03 4.850340270996093750e+02
2.217905761718750000e+03 9.359889526367187500e+02
2.217905761718750000e+03 9.359889526367187500e+02
2.220640380859375000e+03 1.159296508789062500e+03
2.226744873046875000e+03 1.237185058593750000e+03
2.226744873046875000e+03 1.237185058593750000e+03
2.227740478515625000e+03 2.042937133789062500e+03
2.230163574218750000e+03 1.435208862304687500e+03
2.232046386718750000e+03 1.606675048828125000e+03
2.232046386718750000e+03 1.606675048828125000e+03
2.233127197265625000e+03 2.197914794921875000e+03
2.233127197265625000e+03 2.197914794921875000e+03
2.233838623046875000e+03 7.733215332031250000e+02
2.239836425781250000e+03 6.403771362304687500e+02
2.240218750000000000e+03 1.303933227539062500e+03
2.240218750000000000e+03 1.303933227539062500e+03
2.249366943359375000e+03 2.057720947265625000e+03
2.252668945312500000e+03 1.580491943359375000e+03
2.252734863281250000e+03 2.036399414062500000e+03
2.252849609375000000e+03 1.609621337890625000e+03
2.255438720703125000e+03 1.552438720703125000e+03
2.255803222656250000e+03 1.540268432617187500e+03
2.256039550781250000e+03 4.961795043945312500e+02
2.264914794921875000e+03 2.106890869140625000e+03
2.264914794921875000e+03 2.106890869140625000e+03
2.265041992187500000e+03 1.572485229492187500e+03
2.265980468750000000e+03 4.741225280761718750e+02
2.268898193359375000e+03 4.089892883300781250e+02
2.270698242187500000e+03 1.587266235351562500e+03
2.273793212890625000e+03 2.093822265625000000e+03
2.280346679687500000e+03 2.200526367187500000e+03
2.280695068359375000e+03 2.608094787597656250e+02
2.281326416015625000e+03 2.039403930664062500e+03
2.283433593750000000e+03 1.584052490234375000e+03
2.286542724609375000e+03 6.245767822265625000e+02
2.295221923828125000e+03 2.097638427734375000e+03
2.296911132812500000e+03 6.903754272460937500e+02
2.298815673828125000e+03 2.183864013671875000e+03
2.298815673828125000e+03 2.183864013671875000e+03
2.298815673828125000e+03 2.183864013671875000e+03
2.301615478515625000e+03 2.135645751953125000e+03
2.302763427734375000e+03 1.206522705078125000e+03
2.307356689453125000e+03 1.358856323242187500e+03
2.308276367187500000e+03 8.211171875000000000e+02
2.313699707031250000e+03 1.170334228515625000e+03
2.317807128906250000e+03 1.291090698242187500e+03
2.318587158203125000e+03 1.601507568359375000e+03
2.326124267578125000e+03 8.792556762695312500e+02
2.331508300781250000e+03 2.179240966796875000e+03
2.333293701171875000e+03 1.365610473632812500e+03
2.341068603515625000e+03 2.049644287109375000e+03
2.346795898437500000e+03 7.918624267578125000e+02
2.346795898437500000e+03 7.918624267578125000e+02
2.347037597656250000e+03 8.481400756835937500e+02
2.347037597656250000e+03 8.481400756835937500e+02
2.347372558593750000e+03 1.404396362304687500e+03
2.354468017578125000e+03 1.508428344726562500e+03
2.354541259765625000e+03 1.318091430664062500e+03
2.354732177734375000e+03 1.148132202148437500e+03
2.355211181640625000e+03 2.185473144531250000e+03
2.377279052734375000e+03 2.184227783203125000e+03
2.377368896484375000e+03 2.169378906250000000e+03
2.378187255859375000e+03 1.368219116210937500e+03
2.382383544921875000e+03 2.136705078125000000e+03
2.387243896484375000e+03 1.204691772460937500e+02
2.387243896484375000e+03 1.204691772460937500e+02
2.388971191406250000e+03 8.104130249023437500e+02
2.389686279296875000e+03 2.195862060546875000e+03
2.392264160156250000e+03 1.666638671875000000e+03
2.394891357421875000e+03 1.184893310546875000e+03
2.400198730468750000e+03 1.003220336914062500e+03
2.401051025390625000e+03 1.117686157226562500e+03
2.402265380859375000e+03 1.137585083007812500e+03
2.402265380859375000e+03 1.137585083007812500e+03
2.404329345703125000e+03 2.159512939453125000e+03
2.407767333984375000e+03 1.034840209960937500e+03
2.415370117187500000e+03 1.353794555664062500e+03
2.416450195312500000e+03 8.925011596679687500e+02
2.416583984375000000e+03 6.421914672851562500e+02
2.417953613281250000e+03 1.421184204101562500e+03
2.422377929687500000e+03 9.088544921875000000e+02
2.433860595703125000e+03 1.054387329101562500e+03
2.436541748046875000e+03 1.089863647460937500e+03
2.440602050781250000e+03 1.077055541992187500e+03
2.452669189453125000e+03 1.068352539062500000e+03
2.456611572265625000e+03 1.060368408203125000e+03
2.460486572265625000e+03 2.204310302734375000e+03
2.461247802734375000e+03 1.360574584960937500e+03
2.474585693359375000e+03 8.610853881835937500e+02
2.475652099609375000e+03 7.347133789062500000e+02
2.475652099609375000e+03 7.347133789062500000e+02
2.476357177734375000e+03 8.631389770507812500e+02
2.484249755859375000e+03 1.030311767578125000e+03
2.485892333984375000e+03 1.581079956054687500e+03
2.490498535156250000e+03 1.055909301757812500e+03
2.502502197265625000e+03 4.675265197753906250e+02
2.505330810546875000e+03 1.033844726562500000e+03
2.505330810546875000e+03 1.033844726562500000e+03
2.511052978515625000e+03 1.675519775390625000e+03
2.511238525390625000e+03 1.062183105468750000e+03
2.514546630859375000e+03 5.811762084960937500e+02
2.521716308593750000e+03 8.187009887695312500e+02
2.524151123046875000e+03 1.330608398437500000e+03
2.526760253906250000e+03 1.318061279296875000e+03
2.527246337890625000e+03 6.685028076171875000e+02
2.529395263671875000e+03 1.258326171875000000e+03
2.536365966796875000e+03 1.257668334960937500e+03
2.545618652343750000e+03 9.921032104492187500e+02
2.546065429687500000e+03 1.054618530273437500e+03
2.546065429687500000e+03 1.054618530273437500e+03
2.547704833984375000e+03 2.066404052734375000e+03
2.553893066406250000e+03 6.688793334960937500e+02
2.555069335937500000e+03 6.808413696289062500e+02
2.556417480468750000e+03 9.108706054687500000e+02
2.561423095703125000e+03 6.244621582031250000e+02
2.572013427734375000e+03 5.649985351562500000e+02
2.578382324218750000e+03 6.372836303710937500e+02
2.578382324218750000e+03 6.372836303710937500e+02
2.578880615234375000e+03 1.712701782226562500e+03
2.580291992187500000e+03 5.339070434570312500e+02
2.588187500000000000e+03 6.588955078125000000e+02
2.594801513671875000e+03 2.092993652343750000e+03
2.595250488281250000e+03 3.953411865234375000e+02
2.597942138671875000e+03 1.019137512207031250e+03
2.597960449218750000e+03 9.287586059570312500e+02
2.613641113281250000e+03 1.097770019531250000e+03
2.613994384765625000e+03 2.099591552734375000e+03
2.619184326171875000e+03 8.518480834960937500e+02
2.624786865234375000e+03 1.599406738281250000e+03
2.626971191406250000e+03 9.235748291015625000e+02
2.630133789062500000e+03 5.442711791992187500e+02
2.630404541015625000e+03 1.267074340820312500e+03
2.632571289062500000e+03 1.805230102539062500e+03
2.634628417968750000e+03 1.043801391601562500e+03
2.635758544921875000e+03 1.036877563476562500e+03
2.640890869140625000e+03 2.086215087890625000e+03
2.642325439453125000e+03 6.438453369140625000e+02
2.644220458984375000e+03 4.499806823730468750e+02
2.648203857421875000e+03 7.454905395507812500e+02
2.649283691406250000e+03 9.045219116210937500e+02
2.657006103515625000e+03 8.708168945312500000e+02
2.660446044921875000e+03 1.293496215820312500e+03
2.660446044921875000e+03 1.293496215820312500e+03
2.663974853515625000e+03 8.848447265625000000e+02
2.667393066406250000e+03 1.470426513671875000e+03
2.668695556640625000e+03 7.673011474609375000e+02
2.671002685546875000e+03 1.388070556640625000e+03
2.681747558593750000e+03 8.729672851562500000e+02
2.682912841796875000e+03 9.779151611328125000e+02
2.687179443359375000e+03 1.775717041015625000e+03
2.687415771484375000e+03 7.353002929687500000e+02
2.689842041015625000e+03 8.141806030273437500e+02
2.699512695312500000e+03 8.322480468750000000e+02
2.704501464843750000e+03 9.950089721679687500e+02
2.704581298828125000e+03 1.930243408203125000e+03
2.707822998046875000e+03 1.406778442382812500e+03
2.708084472656250000e+03 7.421576538085937500e+02
2.714285644531250000e+03 1.605329833984375000e+03
2.729371093750000000e+03 1.019747863769531250e+03
2.729452880859375000e+03 7.343289184570312500e+02
2.742881103515625000e+03 9.675795288085937500e+02
2.743283203125000000e+03 1.012066040039062500e+03
2.744137451171875000e+03 8.501493530273437500e+02
2.744958740234375000e+03 8.792950439453125000e+02
2.749779052734375000e+03 3.019212341308593750e+02
2.750519531250000000e+03 2.018051025390625000e+03
2.753813232421875000e+03 1.680821533203125000e+03
2.756986328125000000e+03 4.083128662109375000e+02
2.762415039062500000e+03 9.012966918945312500e+02
2.765959716796875000e+03 1.874069335937500000e+03
2.769891357421875000e+03 1.572432128906250000e+03
2.774768554687500000e+03 8.285090942382812500e+02
2.774782470703125000e+03 6.515459594726562500e+02
2.784927490234375000e+03 1.435301391601562500e+03
2.785891113281250000e+03 5.905274047851562500e+02
2.787012939453125000e+03 1.619819702148437500e+03
2.790780029296875000e+03 1.697516601562500000e+03
2.790886474609375000e+03 7.665430297851562500e+02
2.790886474609375000e+03 7.665430297851562500e+02
2.792738037109375000e+03 7.235850830078125000e+02
2.793156005859375000e+03 8.836576538085937500e+02
2.793156005859375000e+03 8.836576538085937500e+02
2.801311279296875000e+03 1.659332885742187500e+03
2.808200927734375000e+03 5.521013183593750000e+02
2.812460937500000000e+03 7.202668457031250000e+02
2.812460937500000000e+03 7.202668457031250000e+02
2.814450195312500000e+03 1.000843566894531250e+03
2.815347656250000000e+03 1.074440795898437500e+03
2.815883544921875000e+03 9.108935546875000000e+02
2.819591796875000000e+03 1.450346191406250000e+03
2.819591796875000000e+03 1.450346191406250000e+03
2.819591796875000000e+03 1.450346191406250000e+03
2.820229003906250000e+03 1.654294311523437500e+03
2.821943115234375000e+03 7.364120483398437500e+02
2.822844482421875000e+03 3.507485351562500000e+02
2.823842529296875000e+03 8.195123291015625000e+02
2.829672607421875000e+03 1.039281372070312500e+03
2.834469970703125000e+03 1.801680908203125000e+03
2.834864013671875000e+03 4.102289733886718750e+02
2.837801513671875000e+03 2.063423095703125000e+03
2.842818847656250000e+03 8.049124755859375000e+02
2.845075927734375000e+03 6.457843627929687500e+02
2.845075927734375000e+03 6.457843627929687500e+02
2.847348388671875000e+03 1.469558471679687500e+03
2.859292968750000000e+03 8.339844970703125000e+02
2.860522216796875000e+03 9.956008911132812500e+02
2.860522216796875000e+03 9.956008911132812500e+02
2.861220947265625000e+03 5.520686645507812500e+02
2.861569824218750000e+03 1.869213867187500000e+03
2.861569824218750000e+03 1.869213867187500000e+03
2.872020019531250000e+03 1.503739013671875000e+03
2.877098388671875000e+03 7.874934692382812500e+02
2.878471191406250000e+03 1.655333007812500000e+03
2.878582275390625000e+03 9.600670166015625000e+02
2.885227294921875000e+03 1.039878540039062500e+03
2.886291748046875000e+03 1.399921508789062500e+03
2.886291748046875000e+03 1.399921508789062500e+03
2.888085693359375000e+03 7.363187866210937500e+02
2.888085693359375000e+03 7.363187866210937500e+02
2.888085693359375000e+03 7.363187866210937500e+02
2.897072998046875000e+03 1.669369750976562500e+03
2.901837646484375000e+03 1.187453979492187500e+03
2.902455322265625000e+03 9.444789428710937500e+02
2.902455322265625000e+03 9.444789428710937500e+02
2.904994628906250000e+03 1.862638916015625000e+03
2.908105224609375000e+03 1.867921508789062500e+03
2.912395507812500000e+03 1.279398559570312500e+03
2.917101806640625000e+03 7.323920288085937500e+02
2.917316650390625000e+03 1.174131225585937500e+03
2.917582763671875000e+03 1.015153015136718750e+03
2.917981201171875000e+03 7.785681762695312500e+02
2.931244873046875000e+03 1.406418701171875000e+03
2.931343505859375000e+03 1.541241699218750000e+03
2.936726562500000000e+03 1.949376586914062500e+03
2.943563964843750000e+03 1.012254394531250000e+03
2.944925292968750000e+03 1.449815673828125000e+03
2.947696044921875000e+03 6.811932373046875000e+02
2.949850341796875000e+03 1.480401733398437500e+03
2.955430664062500000e+03 1.773951538085937500e+03
2.955888427734375000e+03 1.909436157226562500e+03
2.956145263671875000e+03 5.843300781250000000e+02
2.956145263671875000e+03 5.843300781250000000e+02
2.961386718750000000e+03 1.591327392578125000e+03
2.984414794921875000e+03 1.830343139648437500e+03
2.990584472656250000e+03 1.436445190429687500e+03
2.990584472656250000e+03 1.436445190429687500e+03
3.003597412109375000e+03 7.413914184570312500e+02
3.012326660156250000e+03 1.043880737304687500e+03
3.031692626953125000e+03 1.652127319335937500e+03
3.033465576171875000e+03 1.801034179687500000e+03
3.039420898437500000e+03 9.116813354492187500e+02
3.042972167968750000e+03 1.031482299804687500e+03
3.043613037109375000e+03 1.335051879882812500e+03
3.044026611328125000e+03 1.869657470703125000e+03
3.046365478515625000e+03 1.255150024414062500e+03
3.046365478515625000e+03 1.255150024414062500e+03
3.061035400390625000e+03 1.794617553710937500e+03
3.089630615234375000e+03 7.241633300781250000e+02
3.089630615234375000e+03 7.241633300781250000e+02
3.107173095703125000e+03 1.210098022460937500e+03
3.107173095703125000e+03 1.210098022460937500e+03
3.107939208984375000e+03 1.149655395507812500e+03
3.114112060546875000e+03 9.612683715820312500e+02
3.114709960937500000e+03 8.924423828125000000e+02
3.115460693359375000e+03 8.905534057617187500e+02
3.115753906250000000e+03 1.078883544921875000e+03
3.117178710937500000e+03 1.262044555664062500e+03
3.123030761718750000e+03 8.275732421875000000e+02
3.126061279296875000e+03 9.947546997070312500e+02
3.129138671875000000e+03 1.033389404296875000e+03
3.136640625000000000e+03 2.043092163085937500e+03
3.144541259765625000e+03 9.810581054687500000e+02
3.145239990234375000e+03 1.127595092773437500e+03
3.146902343750000000e+03 1.958435913085937500e+03
3.154587646484375000e+03 2.070160400390625000e+03
3.155275878906250000e+03 1.213990722656250000e+03
3.156022705078125000e+03 1.285260864257812500e+03
3.166752685546875000e+03 1.193545288085937500e+03
3.167493408203125000e+03 5.344158325195312500e+02
3.169005615234375000e+03 9.899338989257812500e+02
3.171149658203125000e+03 9.520582885742187500e+02
3.171919921875000000e+03 2.020556640625000000e+03
3.171960205078125000e+03 1.362108764648437500e+03
3.182571533203125000e+03 1.014930480957031250e+03
3.182571533203125000e+03 1.014930480957031250e+03
3.182646728515625000e+03 1.232465332031250000e+03
3.182646728515625000e+03 1.232465332031250000e+03
3.185966064453125000e+03 6.712686157226562500e+02
3.189864990234375000e+03 5.203176879882812500e+02
3.192492187500000000e+03 7.995703125000000000e+02
3.231400146484375000e+03 2.004502807617187500e+03
3.232605957031250000e+03 6.133944091796875000e+02
3.234379638671875000e+03 9.661054687500000000e+02
3.236768066406250000e+03 1.956438476562500000e+03
3.238675292968750000e+03 2.039464477539062500e+03
3.246093261718750000e+03 1.204684082031250000e+03
3.276397216796875000e+03 4.918364257812500000e+02
3.276904052734375000e+03 6.409437255859375000e+02
3.294576904296875000e+03 1.983683837890625000e+03
3.299576171875000000e+03 2.025611938476562500e+03
3.300059326171875000e+03 2.961394958496093750e+02
3.309448974609375000e+03 4.695837402343750000e+02
3.310505126953125000e+03 1.258219116210937500e+03
3.316996826171875000e+03 2.005980712890625000e+03
3.316996826171875000e+03 2.005980712890625000e+03
3.345361083984375000e+03 4.496119079589843750e+02
3.345977294921875000e+03 6.791437377929687500e+02
3.352257812500000000e+03 5.092132263183593750e+02
3.356994628906250000e+03 2.031714111328125000e+03
3.356994628906250000e+03 2.031714111328125000e+03
3.388001953125000000e+03 5.327296142578125000e+02
3.397210693359375000e+03 2.224093750000000000e+03
3.409855468750000000e+03 2.225573974609375000e+03
3.410708984375000000e+03 4.369310607910156250e+02
3.411231689453125000e+03 1.269081665039062500e+03
3.417787597656250000e+03 1.267149291992187500e+03
3.427246582031250000e+03 7.691351928710937500e+02
3.427246582031250000e+03 7.691351928710937500e+02
3.445029785156250000e+03 1.021730407714843750e+03
3.458182128906250000e+03 1.252525512695312500e+03
3.476402832031250000e+03 9.006721801757812500e+02
3.480472656250000000e+03 7.603176879882812500e+02
3.488050781250000000e+03 1.273879272460937500e+03
3.501388427734375000e+03 3.646315612792968750e+02
3.504389892578125000e+03 4.343356628417968750e+02
3.513752685546875000e+03 1.016996215820312500e+03
3.522629638671875000e+03 1.336210693359375000e+03
3.536187500000000000e+03 1.236515502929687500e+03
3.550023925781250000e+03 4.644729003906250000e+02
3.557919921875000000e+03 1.370559204101562500e+03
3.558795654296875000e+03 1.357588989257812500e+03
3.571750000000000000e+03 1.991566284179687500e+03
3.583000732421875000e+03 1.279198120117187500e+03
3.616358642578125000e+03 3.889071655273437500e+02
3.635029296875000000e+03 1.983885620117187500e+03
3.658821044921875000e+03 1.227980346679687500e+03
3.672738281250000000e+03 1.945755859375000000e+03
3.716114013671875000e+03 2.532248077392578125e+02
3.729159912109375000e+03 8.910003051757812500e+02
3.731666503906250000e+03 1.211187255859375000e+03
3.734670654296875000e+03 1.348427734375000000e+03
3.743035156250000000e+03 9.424793090820312500e+02
3.750716796875000000e+03 1.944057495117187500e+03
3.799703857421875000e+03 1.275965698242187500e+03
